652 0.4259 0.0485 0.0086 0.0058
652 0.4205 0.0499 0.0086 0.0058
652 0.4012 0.0555 0.0086 0.0058
652 0.3955 0.0575 0.0086 0.0058
652 0.3899 0.0600 0.0086 0.0058
652 0.3785 0.0645 0.0086 0.0058
652 0.3728 0.0674 0.0086 0.0058
652 0.3683 0.0698 0.0086 0.0058
652 0.3629 0.0729 0.0086 0.0058
652 0.3585 0.0757 0.0086 0.0058
652 0.3540 0.0790 0.0086 0.0058
652 0.3488 0.0823 0.0086 0.0058
652 0.3449 0.0861 0.0086 0.0058
652 0.3408 0.0892 0.0086 0.0058
652 0.3331 0.0963 0.0086 0.0058
652 0.3292 0.1002 0.0086 0.0058
652 0.3255 0.1036 0.0086 0.0058
652 0.3234 0.1078 0.0086 0.0058
652 0.3201 0.1113 0.0086 0.0058
652 0.3183 0.1155 0.0086 0.0058
652 0.3131 0.1234 0.0086 0.0058
652 0.3108 0.1280 0.0086 0.0058
652 0.3089 0.1318 0.0086 0.0058
652 0.3079 0.1365 0.0086 0.0058
652 0.3058 0.1407 0.0086 0.0058
652 0.3036 0.1533 0.0086 0.0058
652 0.3034 0.1577 0.0086 0.0058
652 0.3161 0.2035 0.0086 0.0058
652 0.3187 0.2075 0.0086 0.0058
652 0.3219 0.2117 0.0086 0.0058
652 0.3251 0.2157 0.0086 0.0058
652 0.3273 0.2192 0.0086 0.0058
652 0.3305 0.2232 0.0086 0.0058
652 0.6043 0.2262 0.0086 0.0058
652 0.6081 0.2228 0.0086 0.0058
652 0.6118 0.2189 0.0086 0.0058
652 0.6152 0.2147 0.0086 0.0058
652 0.6177 0.2111 0.0086 0.0058
652 0.6198 0.2071 0.0086 0.0058
652 0.6240 0.1992 0.0086 0.0058
652 0.6252 0.1952 0.0086 0.0058
652 0.6275 0.1908 0.0086 0.0058
652 0.6286 0.1869 0.0086 0.0058
652 0.6304 0.1826 0.0086 0.0058
652 0.6322 0.1780 0.0086 0.0058
652 0.6324 0.1739 0.0086 0.0058
652 0.6335 0.1704 0.0086 0.0058
652 0.6330 0.1650 0.0086 0.0058
652 0.6337 0.1606 0.0086 0.0058
652 0.6342 0.1567 0.0086 0.0058
652 0.6338 0.1519 0.0086 0.0058
652 0.6348 0.1476 0.0086 0.0058
652 0.6348 0.1431 0.0086 0.0058
652 0.6342 0.1388 0.0086 0.0058
652 0.6340 0.1348 0.0086 0.0058
652 0.6330 0.1300 0.0086 0.0058
652 0.6307 0.1257 0.0086 0.0058
652 0.6308 0.1227 0.0086 0.0058
652 0.6236 0.1102 0.0086 0.0058
652 0.6198 0.1061 0.0086 0.0058
652 0.6170 0.1020 0.0086 0.0058
652 0.6133 0.0982 0.0086 0.0058
652 0.6100 0.0942 0.0086 0.0058
652 0.6016 0.0875 0.0086 0.0058
652 0.5969 0.0831 0.0086 0.0058
652 0.5888 0.0772 0.0086 0.0058
652 0.5840 0.0739 0.0086 0.0058
652 0.5797 0.0706 0.0086 0.0058
652 0.5746 0.0681 0.0086 0.0058
652 0.5645 0.0624 0.0086 0.0058
652 0.5581 0.0604 0.0086 0.0058
652 0.5517 0.0576 0.0086 0.0058
652 0.5461 0.0556 0.0086 0.0058
360 0.5462 0.1244 0.0153 0.0104
360 0.5306 0.1208 0.0153 0.0104
360 0.5146 0.1193 0.0153 0.0104
360 0.4991 0.1189 0.0153 0.0104
360 0.4835 0.1198 0.0153 0.0104
360 0.4694 0.1226 0.0153 0.0104
360 0.4533 0.1265 0.0153 0.0104
360 0.4397 0.1323 0.0153 0.0104
360 0.4270 0.1387 0.0153 0.0104
360 0.4181 0.1483 0.0153 0.0104
360 0.4110 0.1582 0.0153 0.0104
360 0.4018 0.1789 0.0153 0.0104
360 0.3980 0.1898 0.0153 0.0104
360 0.3961 0.1998 0.0153 0.0104
360 0.3935 0.2105 0.0153 0.0104
360 0.3917 0.2209 0.0153 0.0104
360 0.3888 0.2320 0.0153 0.0104
360 0.3876 0.2427 0.0153 0.0104
360 0.3844 0.2525 0.0153 0.0104
360 0.3825 0.2632 0.0153 0.0104
360 0.3789 0.2741 0.0153 0.0104
360 0.5074 0.2661 0.0153 0.0104
360 0.5775 0.2964 0.0153 0.0104
360 0.5907 0.2697 0.0153 0.0104
360 0.6099 0.2543 0.0153 0.0104
360 0.6342 0.2459 0.0153 0.0104
360 0.7126 0.2671 0.0153 0.0104
360 0.7262 0.2851 0.0153 0.0104
360 0.7282 0.3032 0.0153 0.0104
360 0.7132 0.3300 0.0153 0.0104
360 0.5874 0.3252 0.0153 0.0104
360 0.5419 0.3933 0.0153 0.0104
360 0.5281 0.3876 0.0153 0.0104
360 0.5181 0.3794 0.0153 0.0104
360 0.5097 0.3704 0.0153 0.0104
360 0.5040 0.3605 0.0153 0.0104
360 0.5019 0.3501 0.0153 0.0104
360 0.4877 0.3001 0.0153 0.0104
360 0.4731 0.3008 0.0153 0.0104
360 0.4574 0.3011 0.0153 0.0104
360 0.4411 0.3013 0.0153 0.0104
360 0.4252 0.3012 0.0153 0.0104
360 0.4106 0.3009 0.0153 0.0104
360 0.3970 0.3354 0.0153 0.0104
360 0.3969 0.3463 0.0153 0.0104
360 0.3989 0.3571 0.0153 0.0104
360 0.3993 0.3681 0.0153 0.0104
360 0.3979 0.3789 0.0153 0.0104
360 0.3961 0.3900 0.0153 0.0104
360 0.3913 0.4000 0.0153 0.0104
360 0.3803 0.4081 0.0153 0.0104
360 0.3667 0.4136 0.0153 0.0104
360 0.3532 0.4192 0.0153 0.0104
360 0.3428 0.4263 0.0153 0.0104
360 0.3357 0.4361 0.0153 0.0104
360 0.3339 0.4476 0.0153 0.0104
360 0.3347 0.4579 0.0153 0.0104
360 0.3383 0.4690 0.0153 0.0104
360 0.3425 0.4787 0.0153 0.0104
360 0.3475 0.4883 0.0153 0.0104
360 0.3556 0.4987 0.0153 0.0104
360 0.3632 0.5075 0.0153 0.0104
360 0.3721 0.5164 0.0153 0.0104
360 0.3809 0.5248 0.0153 0.0104
360 0.3956 0.4544 0.0153 0.0104
360 0.3949 0.4436 0.0153 0.0104
360 0.3961 0.4338 0.0153 0.0104
360 0.3979 0.4233 0.0153 0.0104
360 0.3120 0.6254 0.0153 0.0104
360 0.3181 0.6352 0.0153 0.0104
360 0.3282 0.6424 0.0153 0.0104
360 0.3395 0.6512 0.0153 0.0104
360 0.3133 0.7297 0.0153 0.0104
360 0.3252 0.7375 0.0153 0.0104
360 0.3316 0.7458 0.0153 0.0104
360 0.3397 0.7557 0.0153 0.0104
360 0.3440 0.7653 0.0153 0.0104
360 0.3513 0.7760 0.0153 0.0104
360 0.3604 0.7858 0.0153 0.0104
360 0.2644 0.8594 0.0153 0.0104
360 0.2804 0.8599 0.0153 0.0104
360 0.2966 0.8588 0.0153 0.0104
360 0.3116 0.8580 0.0153 0.0104
360 0.3354 0.8518 0.0153 0.0104
360 0.3481 0.8592 0.0153 0.0104
360 0.3595 0.8667 0.0153 0.0104
360 0.3711 0.8749 0.0153 0.0104
360 0.3801 0.8838 0.0153 0.0104
360 0.3873 0.8929 0.0153 0.0104
360 0.3953 0.9020 0.0153 0.0104
360 0.4016 0.8921 0.0153 0.0104
360 0.4062 0.8796 0.0153 0.0104
360 0.4114 0.8691 0.0153 0.0104
360 0.4149 0.8587 0.0153 0.0104
360 0.4175 0.8474 0.0153 0.0104
360 0.4204 0.8366 0.0153 0.0104
360 0.4262 0.8265 0.0153 0.0104
360 0.4337 0.8179 0.0153 0.0104
360 0.4482 0.8707 0.0153 0.0104
360 0.4628 0.8675 0.0153 0.0104
360 0.4783 0.8640 0.0153 0.0104
360 0.4933 0.8641 0.0153 0.0104
360 0.5693 0.8632 0.0153 0.0104
360 0.5845 0.8612 0.0153 0.0104
360 0.6001 0.8568 0.0153 0.0104
360 0.6413 0.8649 0.0153 0.0104
360 0.6577 0.8624 0.0153 0.0104
360 0.6723 0.8612 0.0153 0.0104
360 0.6870 0.8580 0.0153 0.0104
360 0.7003 0.8524 0.0153 0.0104
360 0.7105 0.8435 0.0153 0.0104
680 0.5759 0.3236 0.0120 0.0081
680 0.5931 0.2755 0.0120 0.0081
680 0.5876 0.2606 0.0120 0.0081
680 0.6015 0.2679 0.0120 0.0081
680 0.6096 0.2622 0.0120 0.0081
680 0.5970 0.2533 0.0120 0.0081
680 0.6205 0.2567 0.0120 0.0081
680 0.6098 0.2456 0.0120 0.0081
680 0.6230 0.2427 0.0120 0.0081
680 0.6288 0.2529 0.0120 0.0081
680 0.6433 0.2507 0.0120 0.0081
680 0.7016 0.2666 0.0120 0.0081
680 0.7162 0.2594 0.0120 0.0081
680 0.7254 0.2677 0.0120 0.0081
680 0.7111 0.2750 0.0120 0.0081
680 0.7330 0.2779 0.0120 0.0081
680 0.7157 0.2823 0.0120 0.0081
680 0.7368 0.2895 0.0120 0.0081
680 0.7195 0.2907 0.0120 0.0081
680 0.7382 0.2985 0.0120 0.0081
680 0.7200 0.3080 0.0120 0.0081
418 0.5849 0.3049 0.0091 0.0062
418 0.5720 0.2837 0.0091 0.0062
418 0.5859 0.2881 0.0091 0.0062
418 0.6649 0.2395 0.0091 0.0062
418 0.6975 0.2483 0.0091 0.0062
418 0.6880 0.2573 0.0091 0.0062
418 0.7288 0.3236 0.0091 0.0062
418 0.7128 0.3203 0.0091 0.0062
418 0.6982 0.3339 0.0091 0.0062
418 0.7087 0.3421 0.0091 0.0062
392 0.6803 0.3699 0.0057 0.0039
392 0.6816 0.3745 0.0057 0.0039
392 0.6832 0.3792 0.0057 0.0039
392 0.6853 0.3840 0.0057 0.0039
392 0.6872 0.3889 0.0057 0.0039
392 0.6901 0.3935 0.0057 0.0039
392 0.7103 0.4203 0.0057 0.0039
392 0.7134 0.4252 0.0057 0.0039
392 0.7165 0.4299 0.0057 0.0039
392 0.7189 0.4351 0.0057 0.0039
392 0.7210 0.4400 0.0057 0.0039
392 0.7234 0.4453 0.0057 0.0039
392 0.7243 0.4507 0.0057 0.0039
392 0.4554 0.4802 0.0057 0.0039
392 0.4627 0.4796 0.0057 0.0039
392 0.4867 0.4885 0.0057 0.0039
392 0.4919 0.4913 0.0057 0.0039
392 0.4967 0.4945 0.0057 0.0039
392 0.5019 0.4982 0.0057 0.0039
392 0.5071 0.5017 0.0057 0.0039
392 0.5115 0.5051 0.0057 0.0039
392 0.5160 0.5085 0.0057 0.0039
392 0.5212 0.5128 0.0057 0.0039
392 0.5253 0.5171 0.0057 0.0039
392 0.5295 0.5216 0.0057 0.0039
392 0.5341 0.5260 0.0057 0.0039
392 0.5376 0.5307 0.0057 0.0039
392 0.5404 0.5355 0.0057 0.0039
392 0.5431 0.5404 0.0057 0.0039
392 0.5447 0.5456 0.0057 0.0039
392 0.5465 0.5507 0.0057 0.0039
392 0.5471 0.5560 0.0057 0.0039
392 0.4644 0.5072 0.0057 0.0039
392 0.4603 0.5110 0.0057 0.0039
392 0.4556 0.5148 0.0057 0.0039
392 0.4995 0.6012 0.0057 0.0039
392 0.5047 0.6051 0.0057 0.0039
392 0.5097 0.6088 0.0057 0.0039
392 0.5144 0.6130 0.0057 0.0039
392 0.5181 0.6179 0.0057 0.0039
392 0.5803 0.3371 0.0057 0.0039
392 0.5779 0.3420 0.0057 0.0039
392 0.5763 0.3471 0.0057 0.0039
392 0.5748 0.3518 0.0057 0.0039
392 0.5725 0.3565 0.0057 0.0039
392 0.5713 0.3614 0.0057 0.0039
392 0.5696 0.3664 0.0057 0.0039
392 0.5681 0.3717 0.0057 0.0039
392 0.5663 0.3764 0.0057 0.0039
392 0.5640 0.3812 0.0057 0.0039
392 0.5623 0.3864 0.0057 0.0039
392 0.5604 0.3911 0.0057 0.0039
392 0.5572 0.3962 0.0057 0.0039
392 0.5544 0.4011 0.0057 0.0039
392 0.5523 0.4063 0.0057 0.0039
392 0.5497 0.4117 0.0057 0.0039
392 0.5476 0.4171 0.0057 0.0039
392 0.5457 0.4223 0.0057 0.0039
