392 0.8466 0.6224 0.0066 0.0047
392 0.8467 0.6158 0.0066 0.0047
392 0.8623 0.6144 0.0066 0.0047
392 0.8606 0.6219 0.0066 0.0047
392 0.8757 0.6225 0.0066 0.0047
392 0.8761 0.6147 0.0066 0.0047
392 0.8911 0.6162 0.0066 0.0047
392 0.9003 0.6167 0.0066 0.0047
392 0.8908 0.6063 0.0066 0.0047
392 0.9007 0.6062 0.0066 0.0047
392 0.8980 0.5948 0.0066 0.0047
392 0.8898 0.5951 0.0066 0.0047
392 0.8994 0.5849 0.0066 0.0047
392 0.8898 0.5838 0.0066 0.0047
392 0.8903 0.5741 0.0066 0.0047
392 0.8999 0.5736 0.0066 0.0047
392 0.8997 0.5629 0.0066 0.0047
392 0.8904 0.5630 0.0066 0.0047
392 0.8898 0.5523 0.0066 0.0047
392 0.8988 0.5523 0.0066 0.0047
392 0.8988 0.5404 0.0066 0.0047
392 0.8899 0.5421 0.0066 0.0047
392 0.8907 0.5308 0.0066 0.0047
392 0.9006 0.5314 0.0066 0.0047
392 0.9003 0.5201 0.0066 0.0047
392 0.8904 0.5209 0.0066 0.0047
392 0.9007 0.5101 0.0066 0.0047
392 0.8903 0.5099 0.0066 0.0047
392 0.9010 0.4995 0.0066 0.0047
392 0.8903 0.4998 0.0066 0.0047
392 0.9001 0.4894 0.0066 0.0047
392 0.8899 0.4894 0.0066 0.0047
392 0.8910 0.4794 0.0066 0.0047
392 0.8995 0.4789 0.0066 0.0047
392 0.9001 0.4677 0.0066 0.0047
392 0.8910 0.4679 0.0066 0.0047
392 0.9003 0.4574 0.0066 0.0047
392 0.8902 0.4586 0.0066 0.0047
392 0.9004 0.4469 0.0066 0.0047
392 0.8909 0.4471 0.0066 0.0047
392 0.8893 0.4362 0.0066 0.0047
392 0.8905 0.4244 0.0066 0.0047
392 0.8899 0.4148 0.0066 0.0047
392 0.9006 0.4138 0.0066 0.0047
392 0.9014 0.4041 0.0066 0.0047
392 0.8895 0.4035 0.0066 0.0047
392 0.8899 0.3942 0.0066 0.0047
392 0.9001 0.3933 0.0066 0.0047
392 0.9002 0.3825 0.0066 0.0047
392 0.8897 0.3824 0.0066 0.0047
392 0.8996 0.3720 0.0066 0.0047
392 0.8891 0.3716 0.0066 0.0047
392 0.8897 0.3609 0.0066 0.0047
392 0.8992 0.3614 0.0066 0.0047
392 0.8900 0.3508 0.0066 0.0047
392 0.8988 0.3504 0.0066 0.0047
392 0.8995 0.3394 0.0066 0.0047
392 0.8896 0.3396 0.0066 0.0047
392 0.8990 0.3282 0.0066 0.0047
392 0.8894 0.3287 0.0066 0.0047
392 0.9000 0.3172 0.0066 0.0047
392 0.8903 0.3175 0.0066 0.0047
392 0.8906 0.3056 0.0066 0.0047
392 0.9003 0.3060 0.0066 0.0047
392 0.8995 0.2947 0.0066 0.0047
392 0.8903 0.2952 0.0066 0.0047
392 0.8992 0.2841 0.0066 0.0047
392 0.8902 0.2837 0.0066 0.0047
392 0.8914 0.2723 0.0066 0.0047
392 0.9008 0.2729 0.0066 0.0047
392 0.9008 0.2617 0.0066 0.0047
392 0.8916 0.2619 0.0066 0.0047
392 0.9013 0.2501 0.0066 0.0047
392 0.8914 0.2510 0.0066 0.0047
392 0.9013 0.2397 0.0066 0.0047
392 0.8908 0.2394 0.0066 0.0047
392 0.9013 0.2292 0.0066 0.0047
392 0.8920 0.2291 0.0066 0.0047
392 0.8926 0.2181 0.0066 0.0047
392 0.9010 0.2186 0.0066 0.0047
392 0.9018 0.2074 0.0066 0.0047
392 0.8922 0.2074 0.0066 0.0047
392 0.8918 0.1976 0.0066 0.0047
392 0.9012 0.1966 0.0066 0.0047
392 0.9019 0.1862 0.0066 0.0047
392 0.8921 0.1862 0.0066 0.0047
392 0.9017 0.1751 0.0066 0.0047
392 0.8925 0.1745 0.0066 0.0047
392 0.9014 0.1646 0.0066 0.0047
392 0.8921 0.1647 0.0066 0.0047
392 0.9020 0.1540 0.0066 0.0047
392 0.8932 0.1536 0.0066 0.0047
392 0.9013 0.1427 0.0066 0.0047
392 0.8931 0.1431 0.0066 0.0047
392 0.9009 0.1322 0.0066 0.0047
392 0.8929 0.1321 0.0066 0.0047
392 0.9020 0.1222 0.0066 0.0047
392 0.8936 0.1215 0.0066 0.0047
392 0.9022 0.1103 0.0066 0.0047
392 0.8947 0.1110 0.0066 0.0047
392 0.9032 0.0996 0.0066 0.0047
392 0.8947 0.0995 0.0066 0.0047
392 0.9041 0.0887 0.0066 0.0047
392 0.8947 0.0887 0.0066 0.0047
392 0.9035 0.0779 0.0066 0.0047
392 0.8948 0.0786 0.0066 0.0047
392 0.9042 0.0673 0.0066 0.0047
392 0.8954 0.0685 0.0066 0.0047
392 0.9040 0.0568 0.0066 0.0047
392 0.8951 0.0565 0.0066 0.0047
392 0.9040 0.0456 0.0066 0.0047
392 0.8955 0.0457 0.0066 0.0047
392 0.9046 0.0348 0.0066 0.0047
392 0.8960 0.0346 0.0066 0.0047
392 0.9056 0.0241 0.0066 0.0047
392 0.8958 0.0235 0.0066 0.0047
392 0.9040 0.0123 0.0066 0.0047
392 0.8963 0.0130 0.0066 0.0047
392 0.9047 0.0024 0.0066 0.0047
392 0.8972 0.0027 0.0066 0.0047
392 0.0969 0.0060 0.0066 0.0047
392 0.0879 0.0058 0.0066 0.0047
392 0.0969 0.0162 0.0066 0.0047
392 0.0873 0.0162 0.0066 0.0047
392 0.0963 0.0275 0.0066 0.0047
392 0.0875 0.0272 0.0066 0.0047
392 0.0971 0.0380 0.0066 0.0047
392 0.0871 0.0386 0.0066 0.0047
392 0.0966 0.0497 0.0066 0.0047
392 0.0876 0.0491 0.0066 0.0047
392 0.0967 0.0606 0.0066 0.0047
392 0.0877 0.0602 0.0066 0.0047
392 0.0953 0.0718 0.0066 0.0047
392 0.0873 0.0709 0.0066 0.0047
392 0.0958 0.0821 0.0066 0.0047
392 0.0869 0.0827 0.0066 0.0047
392 0.0953 0.0943 0.0066 0.0047
392 0.0865 0.0932 0.0066 0.0047
392 0.0962 0.1034 0.0066 0.0047
392 0.0867 0.1053 0.0066 0.0047
392 0.0953 0.1145 0.0066 0.0047
392 0.0862 0.1145 0.0066 0.0047
392 0.0951 0.1259 0.0066 0.0047
392 0.0866 0.1252 0.0066 0.0047
392 0.0954 0.1362 0.0066 0.0047
392 0.0863 0.1357 0.0066 0.0047
392 0.0953 0.1468 0.0066 0.0047
392 0.0852 0.1576 0.0066 0.0047
392 0.0953 0.1574 0.0066 0.0047
392 0.0843 0.1691 0.0066 0.0047
392 0.0943 0.1690 0.0066 0.0047
392 0.0944 0.1791 0.0066 0.0047
392 0.0857 0.1801 0.0066 0.0047
392 0.0860 0.1910 0.0066 0.0047
392 0.0943 0.1918 0.0066 0.0047
392 0.0851 0.2030 0.0066 0.0047
392 0.0951 0.2142 0.0066 0.0047
392 0.0952 0.2250 0.0066 0.0047
392 0.0869 0.2364 0.0066 0.0047
392 0.0868 0.2478 0.0066 0.0047
392 0.0962 0.2476 0.0066 0.0047
392 0.0855 0.2593 0.0066 0.0047
392 0.0860 0.2897 0.0066 0.0047
392 0.0950 0.2901 0.0066 0.0047
392 0.0856 0.3009 0.0066 0.0047
392 0.0943 0.3017 0.0066 0.0047
392 0.0858 0.3123 0.0066 0.0047
392 0.0940 0.3121 0.0066 0.0047
392 0.0940 0.3230 0.0066 0.0047
392 0.0858 0.3226 0.0066 0.0047
392 0.0846 0.3349 0.0066 0.0047
392 0.0939 0.3348 0.0066 0.0047
392 0.0843 0.3459 0.0066 0.0047
392 0.0945 0.3459 0.0066 0.0047
392 0.0843 0.3566 0.0066 0.0047
392 0.0938 0.3573 0.0066 0.0047
392 0.0928 0.3672 0.0066 0.0047
392 0.0836 0.3673 0.0066 0.0047
392 0.0937 0.3772 0.0066 0.0047
392 0.0843 0.3780 0.0066 0.0047
392 0.0934 0.3882 0.0066 0.0047
392 0.0844 0.3880 0.0066 0.0047
392 0.0939 0.3981 0.0066 0.0047
392 0.0845 0.3985 0.0066 0.0047
392 0.0937 0.4095 0.0066 0.0047
392 0.0843 0.4083 0.0066 0.0047
392 0.0933 0.4196 0.0066 0.0047
392 0.0844 0.4192 0.0066 0.0047
392 0.0846 0.4303 0.0066 0.0047
392 0.0931 0.4306 0.0066 0.0047
392 0.0930 0.4418 0.0066 0.0047
392 0.0845 0.4413 0.0066 0.0047
392 0.0922 0.4531 0.0066 0.0047
392 0.0841 0.4535 0.0066 0.0047
392 0.0932 0.4638 0.0066 0.0047
392 0.0841 0.4645 0.0066 0.0047
392 0.0936 0.4742 0.0066 0.0047
392 0.0839 0.4742 0.0066 0.0047
392 0.0933 0.4847 0.0066 0.0047
392 0.0838 0.4854 0.0066 0.0047
392 0.0931 0.4951 0.0066 0.0047
392 0.0838 0.4961 0.0066 0.0047
392 0.0840 0.5062 0.0066 0.0047
392 0.0935 0.5062 0.0066 0.0047
392 0.0926 0.5171 0.0066 0.0047
392 0.0831 0.5170 0.0066 0.0047
392 0.0925 0.5282 0.0066 0.0047
392 0.0832 0.5275 0.0066 0.0047
392 0.0918 0.5389 0.0066 0.0047
392 0.0826 0.5378 0.0066 0.0047
392 0.0921 0.5489 0.0066 0.0047
392 0.0820 0.5491 0.0066 0.0047
392 0.0917 0.5599 0.0066 0.0047
392 0.0823 0.5594 0.0066 0.0047
392 0.0927 0.5699 0.0066 0.0047
392 0.0825 0.5713 0.0066 0.0047
392 0.0920 0.5810 0.0066 0.0047
392 0.0834 0.5812 0.0066 0.0047
392 0.0927 0.5925 0.0066 0.0047
392 0.0833 0.5918 0.0066 0.0047
392 0.0925 0.6032 0.0066 0.0047
392 0.0846 0.6028 0.0066 0.0047
392 0.0825 0.6234 0.0066 0.0047
392 0.0942 0.6223 0.0066 0.0047
392 0.0945 0.6291 0.0066 0.0047
392 0.1101 0.6283 0.0066 0.0047
392 0.1104 0.6213 0.0066 0.0047
392 0.1251 0.6216 0.0066 0.0047
392 0.1253 0.6287 0.0066 0.0047
392 0.1394 0.6288 0.0066 0.0047
392 0.1387 0.6217 0.0066 0.0047
392 0.1527 0.6213 0.0066 0.0047
392 0.1530 0.6281 0.0066 0.0047
360 0.1595 0.6245 0.0154 0.0111
360 0.1448 0.6248 0.0154 0.0111
360 0.1315 0.6253 0.0154 0.0111
360 0.1168 0.6251 0.0154 0.0111
360 0.1022 0.6249 0.0154 0.0111
360 0.0867 0.6191 0.0154 0.0111
360 0.0870 0.6287 0.0154 0.0111
360 0.0884 0.6096 0.0154 0.0111
360 0.0885 0.5981 0.0154 0.0111
360 0.0893 0.5873 0.0154 0.0111
360 0.0882 0.5765 0.0154 0.0111
360 0.0864 0.5657 0.0154 0.0111
360 0.0869 0.5552 0.0154 0.0111
360 0.0866 0.5445 0.0154 0.0111
360 0.0873 0.5341 0.0154 0.0111
360 0.0869 0.5229 0.0154 0.0111
360 0.0872 0.5125 0.0154 0.0111
360 0.0886 0.5012 0.0154 0.0111
360 0.0879 0.4911 0.0154 0.0111
360 0.0878 0.4806 0.0154 0.0111
360 0.0887 0.4702 0.0154 0.0111
360 0.0886 0.4594 0.0154 0.0111
360 0.0884 0.4485 0.0154 0.0111
360 0.0888 0.4369 0.0154 0.0111
360 0.0893 0.4260 0.0154 0.0111
360 0.0887 0.4157 0.0154 0.0111
360 0.0892 0.4045 0.0154 0.0111
360 0.0890 0.3944 0.0154 0.0111
360 0.0885 0.3839 0.0154 0.0111
360 0.0886 0.3728 0.0154 0.0111
360 0.0870 0.3625 0.0154 0.0111
360 0.0894 0.3523 0.0154 0.0111
360 0.0896 0.3406 0.0154 0.0111
360 0.0901 0.3294 0.0154 0.0111
360 0.0904 0.3179 0.0154 0.0111
360 0.0904 0.3069 0.0154 0.0111
360 0.0899 0.2963 0.0154 0.0111
360 0.0903 0.2851 0.0154 0.0111
360 0.0903 0.2742 0.0154 0.0111
360 0.0907 0.2646 0.0154 0.0111
360 0.0907 0.2538 0.0154 0.0111
360 0.0914 0.2430 0.0154 0.0111
360 0.0913 0.2317 0.0154 0.0111
360 0.0898 0.2204 0.0154 0.0111
360 0.0913 0.2088 0.0154 0.0111
360 0.0892 0.1979 0.0154 0.0111
360 0.0899 0.1857 0.0154 0.0111
360 0.0897 0.1747 0.0154 0.0111
360 0.0895 0.1634 0.0154 0.0111
360 0.0910 0.1526 0.0154 0.0111
360 0.0903 0.1418 0.0154 0.0111
360 0.0908 0.1313 0.0154 0.0111
360 0.0906 0.1202 0.0154 0.0111
360 0.0916 0.1098 0.0154 0.0111
360 0.0899 0.0999 0.0154 0.0111
360 0.0913 0.0880 0.0154 0.0111
360 0.0902 0.0773 0.0154 0.0111
360 0.0924 0.0661 0.0154 0.0111
360 0.0925 0.0547 0.0154 0.0111
360 0.0923 0.0433 0.0154 0.0111
360 0.0914 0.0330 0.0154 0.0111
360 0.0924 0.0221 0.0154 0.0111
360 0.0927 0.0112 0.0154 0.0111
360 0.8999 0.0074 0.0154 0.0111
360 0.9004 0.0178 0.0154 0.0111
360 0.9003 0.0291 0.0154 0.0111
360 0.8998 0.0390 0.0154 0.0111
360 0.8995 0.0509 0.0154 0.0111
360 0.8992 0.0614 0.0154 0.0111
360 0.8997 0.0719 0.0154 0.0111
360 0.8993 0.0831 0.0154 0.0111
360 0.8984 0.0931 0.0154 0.0111
360 0.8981 0.1045 0.0154 0.0111
360 0.8981 0.1156 0.0154 0.0111
360 0.8973 0.1266 0.0154 0.0111
360 0.8969 0.1373 0.0154 0.0111
360 0.8978 0.1485 0.0154 0.0111
360 0.8970 0.1595 0.0154 0.0111
360 0.8962 0.1697 0.0154 0.0111
360 0.8965 0.1806 0.0154 0.0111
360 0.8962 0.1909 0.0154 0.0111
360 0.8969 0.2020 0.0154 0.0111
360 0.8969 0.2125 0.0154 0.0111
360 0.8963 0.2239 0.0154 0.0111
360 0.8963 0.2345 0.0154 0.0111
360 0.8960 0.2453 0.0154 0.0111
360 0.8961 0.2560 0.0154 0.0111
360 0.8962 0.2670 0.0154 0.0111
360 0.8949 0.2778 0.0154 0.0111
360 0.8947 0.2893 0.0154 0.0111
360 0.8958 0.3005 0.0154 0.0111
360 0.8949 0.3117 0.0154 0.0111
360 0.8945 0.3228 0.0154 0.0111
360 0.8951 0.3341 0.0154 0.0111
360 0.8951 0.3451 0.0154 0.0111
360 0.8950 0.3556 0.0154 0.0111
360 0.8939 0.3665 0.0154 0.0111
360 0.8946 0.3771 0.0154 0.0111
360 0.8944 0.3882 0.0154 0.0111
360 0.8955 0.3984 0.0154 0.0111
360 0.8959 0.4088 0.0154 0.0111
360 0.8954 0.4189 0.0154 0.0111
360 0.8944 0.4417 0.0154 0.0111
360 0.8958 0.4522 0.0154 0.0111
360 0.8962 0.4626 0.0154 0.0111
360 0.8960 0.4733 0.0154 0.0111
360 0.8947 0.4842 0.0154 0.0111
360 0.8959 0.4947 0.0154 0.0111
360 0.8952 0.5055 0.0154 0.0111
360 0.8953 0.5155 0.0154 0.0111
360 0.8961 0.5261 0.0154 0.0111
360 0.8956 0.5362 0.0154 0.0111
360 0.8962 0.5468 0.0154 0.0111
360 0.8957 0.5576 0.0154 0.0111
360 0.8958 0.5689 0.0154 0.0111
360 0.8959 0.5794 0.0154 0.0111
360 0.8954 0.5896 0.0154 0.0111
360 0.8954 0.6002 0.0154 0.0111
360 0.8966 0.6106 0.0154 0.0111
360 0.8960 0.6208 0.0154 0.0111
360 0.8845 0.6170 0.0154 0.0111
360 0.8694 0.6171 0.0154 0.0111
360 0.8540 0.6178 0.0154 0.0111
69 0.8496 0.6013 0.0088 0.0063
69 0.8587 0.6011 0.0088 0.0063
69 0.8672 0.6012 0.0088 0.0063
69 0.8737 0.5974 0.0088 0.0063
69 0.8726 0.5920 0.0088 0.0063
69 0.8733 0.5857 0.0088 0.0063
69 0.8724 0.5809 0.0088 0.0063
69 0.8734 0.5755 0.0088 0.0063
69 0.8732 0.5702 0.0088 0.0063
69 0.8726 0.5641 0.0088 0.0063
69 0.8734 0.5465 0.0088 0.0063
69 0.8732 0.5409 0.0088 0.0063
69 0.8730 0.5349 0.0088 0.0063
69 0.8737 0.5296 0.0088 0.0063
69 0.8731 0.5246 0.0088 0.0063
69 0.8726 0.5194 0.0088 0.0063
69 0.8728 0.5143 0.0088 0.0063
69 0.8727 0.5093 0.0088 0.0063
69 0.8735 0.5036 0.0088 0.0063
69 0.8745 0.4986 0.0088 0.0063
69 0.8737 0.4934 0.0088 0.0063
69 0.8733 0.4877 0.0088 0.0063
69 0.8737 0.4827 0.0088 0.0063
69 0.8733 0.4776 0.0088 0.0063
69 0.8734 0.4721 0.0088 0.0063
69 0.8733 0.4668 0.0088 0.0063
69 0.8733 0.4615 0.0088 0.0063
69 0.8739 0.4568 0.0088 0.0063
69 0.8727 0.4517 0.0088 0.0063
69 0.8736 0.4478 0.0088 0.0063
69 0.8734 0.4436 0.0088 0.0063
69 0.8742 0.4388 0.0088 0.0063
69 0.8740 0.4336 0.0088 0.0063
69 0.8736 0.4291 0.0088 0.0063
69 0.8742 0.4241 0.0088 0.0063
69 0.8743 0.4194 0.0088 0.0063
69 0.8744 0.4146 0.0088 0.0063
69 0.8740 0.4095 0.0088 0.0063
69 0.8737 0.4032 0.0088 0.0063
69 0.8736 0.3969 0.0088 0.0063
69 0.8743 0.3907 0.0088 0.0063
69 0.8739 0.3847 0.0088 0.0063
69 0.8727 0.3790 0.0088 0.0063
69 0.8724 0.3733 0.0088 0.0063
69 0.8732 0.3668 0.0088 0.0063
69 0.8738 0.3599 0.0088 0.0063
69 0.8742 0.3531 0.0088 0.0063
69 0.8741 0.3465 0.0088 0.0063
69 0.8738 0.3400 0.0088 0.0063
69 0.8735 0.3332 0.0088 0.0063
69 0.8727 0.3270 0.0088 0.0063
69 0.8727 0.3206 0.0088 0.0063
69 0.8730 0.3146 0.0088 0.0063
69 0.8736 0.3082 0.0088 0.0063
69 0.8736 0.3010 0.0088 0.0063
69 0.8726 0.2941 0.0088 0.0063
69 0.8727 0.2873 0.0088 0.0063
69 0.8719 0.2810 0.0088 0.0063
69 0.8726 0.2740 0.0088 0.0063
69 0.8732 0.2675 0.0088 0.0063
69 0.8728 0.2609 0.0088 0.0063
69 0.8727 0.2547 0.0088 0.0063
69 0.8727 0.2483 0.0088 0.0063
69 0.8720 0.2420 0.0088 0.0063
69 0.8731 0.2356 0.0088 0.0063
69 0.8734 0.2295 0.0088 0.0063
69 0.8725 0.2239 0.0088 0.0063
69 0.8730 0.2116 0.0088 0.0063
69 0.8728 0.2055 0.0088 0.0063
69 0.8729 0.2000 0.0088 0.0063
69 0.8728 0.1943 0.0088 0.0063
69 0.8730 0.1885 0.0088 0.0063
69 0.8739 0.1826 0.0088 0.0063
69 0.8738 0.1763 0.0088 0.0063
69 0.8734 0.1700 0.0088 0.0063
69 0.8729 0.1637 0.0088 0.0063
69 0.8742 0.1577 0.0088 0.0063
69 0.8746 0.1522 0.0088 0.0063
69 0.8752 0.1462 0.0088 0.0063
69 0.8753 0.1408 0.0088 0.0063
69 0.8747 0.1345 0.0088 0.0063
69 0.8752 0.1284 0.0088 0.0063
69 0.8765 0.1228 0.0088 0.0063
69 0.8759 0.1167 0.0088 0.0063
69 0.8770 0.1110 0.0088 0.0063
69 0.8765 0.1048 0.0088 0.0063
69 0.8759 0.0985 0.0088 0.0063
69 0.8757 0.0925 0.0088 0.0063
69 0.8757 0.0860 0.0088 0.0063
69 0.8765 0.0798 0.0088 0.0063
69 0.8766 0.0740 0.0088 0.0063
69 0.8776 0.0684 0.0088 0.0063
69 0.8773 0.0626 0.0088 0.0063
69 0.8772 0.0562 0.0088 0.0063
69 0.8774 0.0505 0.0088 0.0063
69 0.8776 0.0442 0.0088 0.0063
69 0.8774 0.0380 0.0088 0.0063
69 0.8781 0.0317 0.0088 0.0063
69 0.8783 0.0248 0.0088 0.0063
69 0.8789 0.0188 0.0088 0.0063
69 0.8781 0.0125 0.0088 0.0063
69 0.8778 0.0067 0.0088 0.0063
69 0.1122 0.0079 0.0088 0.0063
69 0.1115 0.0138 0.0088 0.0063
69 0.1106 0.0193 0.0088 0.0063
69 0.1108 0.0252 0.0088 0.0063
69 0.1119 0.0309 0.0088 0.0063
69 0.1113 0.0365 0.0088 0.0063
69 0.1112 0.0437 0.0088 0.0063
69 0.1111 0.0491 0.0088 0.0063
69 0.1114 0.0549 0.0088 0.0063
69 0.1118 0.0611 0.0088 0.0063
69 0.1120 0.0666 0.0088 0.0063
69 0.1116 0.0729 0.0088 0.0063
69 0.1115 0.0788 0.0088 0.0063
69 0.1108 0.0845 0.0088 0.0063
69 0.1109 0.0903 0.0088 0.0063
69 0.1100 0.0963 0.0088 0.0063
69 0.1108 0.1030 0.0088 0.0063
69 0.1104 0.1091 0.0088 0.0063
69 0.1109 0.1153 0.0088 0.0063
69 0.1114 0.1210 0.0088 0.0063
69 0.1105 0.1271 0.0088 0.0063
69 0.1101 0.1329 0.0088 0.0063
69 0.1104 0.1391 0.0088 0.0063
69 0.1095 0.1457 0.0088 0.0063
69 0.1100 0.1526 0.0088 0.0063
69 0.1096 0.1583 0.0088 0.0063
69 0.1098 0.1642 0.0088 0.0063
69 0.1105 0.1705 0.0088 0.0063
69 0.1112 0.1765 0.0088 0.0063
69 0.1108 0.1823 0.0088 0.0063
69 0.1102 0.1882 0.0088 0.0063
69 0.1098 0.1942 0.0088 0.0063
69 0.1114 0.2005 0.0088 0.0063
69 0.1110 0.2062 0.0088 0.0063
69 0.1113 0.2125 0.0088 0.0063
69 0.1112 0.2183 0.0088 0.0063
69 0.1110 0.2253 0.0088 0.0063
69 0.1111 0.2320 0.0088 0.0063
69 0.1111 0.2385 0.0088 0.0063
69 0.1111 0.2446 0.0088 0.0063
69 0.1110 0.2509 0.0088 0.0063
69 0.1111 0.2575 0.0088 0.0063
69 0.1108 0.2645 0.0088 0.0063
69 0.1105 0.2774 0.0088 0.0063
69 0.1098 0.2845 0.0088 0.0063
69 0.1108 0.2912 0.0088 0.0063
69 0.1111 0.2912 0.0088 0.0063
69 0.1094 0.2979 0.0088 0.0063
69 0.1095 0.3041 0.0088 0.0063
69 0.1100 0.3106 0.0088 0.0063
69 0.1101 0.3170 0.0088 0.0063
69 0.1092 0.3235 0.0088 0.0063
69 0.1091 0.3297 0.0088 0.0063
69 0.1094 0.3360 0.0088 0.0063
69 0.1096 0.3420 0.0088 0.0063
69 0.1090 0.3481 0.0088 0.0063
69 0.1078 0.3540 0.0088 0.0063
69 0.1097 0.3600 0.0088 0.0063
69 0.1083 0.3660 0.0088 0.0063
69 0.1089 0.3723 0.0088 0.0063
69 0.1093 0.3780 0.0088 0.0063
69 0.1091 0.3844 0.0088 0.0063
69 0.1086 0.3903 0.0088 0.0063
69 0.1081 0.3963 0.0088 0.0063
69 0.1089 0.4025 0.0088 0.0063
69 0.1081 0.4087 0.0088 0.0063
69 0.1093 0.4146 0.0088 0.0063
69 0.1079 0.4201 0.0088 0.0063
69 0.1083 0.4264 0.0088 0.0063
69 0.1077 0.4325 0.0088 0.0063
69 0.1076 0.4383 0.0088 0.0063
69 0.1090 0.4443 0.0088 0.0063
69 0.1069 0.4501 0.0088 0.0063
69 0.1082 0.4561 0.0088 0.0063
69 0.1074 0.4622 0.0088 0.0063
69 0.1078 0.4682 0.0088 0.0063
69 0.1075 0.4738 0.0088 0.0063
69 0.1086 0.4795 0.0088 0.0063
69 0.1074 0.4850 0.0088 0.0063
69 0.1085 0.4914 0.0088 0.0063
69 0.1088 0.4976 0.0088 0.0063
69 0.1085 0.5038 0.0088 0.0063
69 0.1085 0.5103 0.0088 0.0063
69 0.1079 0.5165 0.0088 0.0063
69 0.1088 0.5222 0.0088 0.0063
69 0.1083 0.5282 0.0088 0.0063
69 0.1077 0.5339 0.0088 0.0063
69 0.1068 0.5401 0.0088 0.0063
69 0.1076 0.5464 0.0088 0.0063
69 0.1076 0.5520 0.0088 0.0063
69 0.1081 0.5576 0.0088 0.0063
69 0.1069 0.5633 0.0088 0.0063
69 0.1075 0.5687 0.0088 0.0063
69 0.1076 0.5752 0.0088 0.0063
69 0.1078 0.5811 0.0088 0.0063
69 0.1078 0.5868 0.0088 0.0063
69 0.1078 0.5927 0.0088 0.0063
69 0.1080 0.5986 0.0088 0.0063
69 0.1076 0.6045 0.0088 0.0063
69 0.1073 0.6109 0.0088 0.0063
69 0.1195 0.6093 0.0088 0.0063
69 0.1287 0.6092 0.0088 0.0063
69 0.1374 0.6093 0.0088 0.0063
69 0.1463 0.6098 0.0088 0.0063
69 0.1545 0.6101 0.0088 0.0063
69 0.1639 0.6100 0.0088 0.0063
183 0.8447 0.5967 0.0070 0.0050
183 0.8538 0.5974 0.0070 0.0050
183 0.8622 0.5968 0.0070 0.0050
183 0.8678 0.5953 0.0070 0.0050
183 0.8669 0.5898 0.0070 0.0050
183 0.8673 0.5834 0.0070 0.0050
183 0.8673 0.5781 0.0070 0.0050
183 0.8673 0.5735 0.0070 0.0050
183 0.8676 0.5687 0.0070 0.0050
183 0.8681 0.5506 0.0070 0.0050
183 0.8681 0.5448 0.0070 0.0050
183 0.8683 0.5391 0.0070 0.0050
183 0.8687 0.5335 0.0070 0.0050
183 0.8683 0.5279 0.0070 0.0050
183 0.8688 0.5229 0.0070 0.0050
183 0.8675 0.5172 0.0070 0.0050
183 0.8677 0.5129 0.0070 0.0050
183 0.8681 0.5079 0.0070 0.0050
183 0.8678 0.5028 0.0070 0.0050
183 0.8685 0.4974 0.0070 0.0050
183 0.8685 0.4918 0.0070 0.0050
183 0.8688 0.4863 0.0070 0.0050
183 0.8683 0.4811 0.0070 0.0050
183 0.8690 0.4768 0.0070 0.0050
183 0.8685 0.4706 0.0070 0.0050
183 0.8688 0.4653 0.0070 0.0050
183 0.8684 0.4597 0.0070 0.0050
183 0.8685 0.4547 0.0070 0.0050
183 0.8686 0.4503 0.0070 0.0050
183 0.8685 0.4458 0.0070 0.0050
183 0.8691 0.4417 0.0070 0.0050
183 0.8695 0.4369 0.0070 0.0050
183 0.8695 0.4322 0.0070 0.0050
183 0.8701 0.4269 0.0070 0.0050
183 0.8701 0.4218 0.0070 0.0050
183 0.8704 0.4176 0.0070 0.0050
183 0.8706 0.4129 0.0070 0.0050
183 0.8703 0.4078 0.0070 0.0050
183 0.8698 0.4016 0.0070 0.0050
183 0.8692 0.3957 0.0070 0.0050
183 0.8697 0.3896 0.0070 0.0050
183 0.8686 0.3830 0.0070 0.0050
183 0.8686 0.3773 0.0070 0.0050
183 0.8681 0.3716 0.0070 0.0050
183 0.8693 0.3590 0.0070 0.0050
183 0.8695 0.3519 0.0070 0.0050
183 0.8690 0.3449 0.0070 0.0050
183 0.8681 0.3379 0.0070 0.0050
183 0.8688 0.3320 0.0070 0.0050
183 0.8686 0.3250 0.0070 0.0050
183 0.8675 0.3188 0.0070 0.0050
183 0.8693 0.3123 0.0070 0.0050
183 0.8688 0.3065 0.0070 0.0050
183 0.8692 0.2996 0.0070 0.0050
183 0.8684 0.2935 0.0070 0.0050
183 0.8673 0.2861 0.0070 0.0050
183 0.8679 0.2778 0.0070 0.0050
183 0.8673 0.2713 0.0070 0.0050
183 0.8677 0.2637 0.0070 0.0050
183 0.8684 0.2573 0.0070 0.0050
183 0.8692 0.2507 0.0070 0.0050
183 0.8686 0.2448 0.0070 0.0050
183 0.8689 0.2387 0.0070 0.0050
183 0.8696 0.2321 0.0070 0.0050
183 0.8691 0.2265 0.0070 0.0050
183 0.8693 0.2205 0.0070 0.0050
183 0.8693 0.2144 0.0070 0.0050
183 0.8691 0.2088 0.0070 0.0050
183 0.8685 0.2024 0.0070 0.0050
183 0.8688 0.1965 0.0070 0.0050
183 0.8692 0.1914 0.0070 0.0050
183 0.8691 0.1866 0.0070 0.0050
183 0.8695 0.1801 0.0070 0.0050
183 0.8687 0.1738 0.0070 0.0050
183 0.8682 0.1672 0.0070 0.0050
183 0.8696 0.1505 0.0070 0.0050
183 0.8699 0.1438 0.0070 0.0050
183 0.8699 0.1382 0.0070 0.0050
183 0.8705 0.1318 0.0070 0.0050
183 0.8717 0.1258 0.0070 0.0050
183 0.8705 0.1198 0.0070 0.0050
183 0.8717 0.1145 0.0070 0.0050
183 0.8715 0.1081 0.0070 0.0050
183 0.8717 0.1022 0.0070 0.0050
183 0.8719 0.0954 0.0070 0.0050
183 0.8720 0.0894 0.0070 0.0050
183 0.8718 0.0828 0.0070 0.0050
183 0.8724 0.0766 0.0070 0.0050
183 0.8723 0.0715 0.0070 0.0050
183 0.8724 0.0655 0.0070 0.0050
183 0.8729 0.0594 0.0070 0.0050
183 0.8732 0.0529 0.0070 0.0050
183 0.8731 0.0476 0.0070 0.0050
183 0.8727 0.0409 0.0070 0.0050
183 0.8731 0.0349 0.0070 0.0050
183 0.8739 0.0287 0.0070 0.0050
183 0.8735 0.0219 0.0070 0.0050
183 0.8738 0.0162 0.0070 0.0050
183 0.8741 0.0100 0.0070 0.0050
183 0.8741 0.0035 0.0070 0.0050
183 0.1176 0.0059 0.0070 0.0050
183 0.1171 0.0110 0.0070 0.0050
183 0.1173 0.0175 0.0070 0.0050
183 0.1166 0.0231 0.0070 0.0050
183 0.1166 0.0286 0.0070 0.0050
183 0.1158 0.0345 0.0070 0.0050
183 0.1166 0.0415 0.0070 0.0050
183 0.1163 0.0471 0.0070 0.0050
183 0.1170 0.0525 0.0070 0.0050
183 0.1170 0.0591 0.0070 0.0050
183 0.1164 0.0650 0.0070 0.0050
183 0.1172 0.0709 0.0070 0.0050
183 0.1171 0.0764 0.0070 0.0050
183 0.1167 0.0827 0.0070 0.0050
183 0.1156 0.0877 0.0070 0.0050
183 0.1153 0.0944 0.0070 0.0050
183 0.1163 0.1000 0.0070 0.0050
183 0.1163 0.1065 0.0070 0.0050
183 0.1152 0.1128 0.0070 0.0050
183 0.1152 0.1188 0.0070 0.0050
183 0.1155 0.1244 0.0070 0.0050
183 0.1150 0.1304 0.0070 0.0050
183 0.1148 0.1361 0.0070 0.0050
183 0.1144 0.1431 0.0070 0.0050
183 0.1145 0.1499 0.0070 0.0050
183 0.1146 0.1563 0.0070 0.0050
183 0.1155 0.1625 0.0070 0.0050
183 0.1153 0.1678 0.0070 0.0050
183 0.1152 0.1736 0.0070 0.0050
183 0.1161 0.1798 0.0070 0.0050
183 0.1160 0.1858 0.0070 0.0050
183 0.1162 0.1918 0.0070 0.0050
183 0.1167 0.1987 0.0070 0.0050
183 0.1173 0.2043 0.0070 0.0050
183 0.1169 0.2105 0.0070 0.0050
183 0.1171 0.2166 0.0070 0.0050
183 0.1163 0.2238 0.0070 0.0050
183 0.1165 0.2299 0.0070 0.0050
183 0.1164 0.2364 0.0070 0.0050
183 0.1171 0.2485 0.0070 0.0050
183 0.1171 0.2546 0.0070 0.0050
183 0.1153 0.2687 0.0070 0.0050
183 0.1157 0.2761 0.0070 0.0050
183 0.1151 0.2824 0.0070 0.0050
183 0.1157 0.2892 0.0070 0.0050
183 0.1153 0.2961 0.0070 0.0050
183 0.1152 0.3028 0.0070 0.0050
183 0.1152 0.3088 0.0070 0.0050
183 0.1151 0.3148 0.0070 0.0050
183 0.1149 0.3216 0.0070 0.0050
183 0.1150 0.3277 0.0070 0.0050
183 0.1151 0.3336 0.0070 0.0050
183 0.1149 0.3396 0.0070 0.0050
183 0.1154 0.3458 0.0070 0.0050
183 0.1142 0.3521 0.0070 0.0050
183 0.1139 0.3700 0.0070 0.0050
183 0.1133 0.3762 0.0070 0.0050
183 0.1137 0.3823 0.0070 0.0050
183 0.1136 0.3881 0.0070 0.0050
183 0.1133 0.3945 0.0070 0.0050
183 0.1127 0.4002 0.0070 0.0050
183 0.1131 0.4061 0.0070 0.0050
183 0.1129 0.4128 0.0070 0.0050
183 0.1132 0.4188 0.0070 0.0050
183 0.1131 0.4307 0.0070 0.0050
183 0.1125 0.4366 0.0070 0.0050
183 0.1118 0.4424 0.0070 0.0050
183 0.1121 0.4480 0.0070 0.0050
183 0.1124 0.4543 0.0070 0.0050
183 0.1121 0.4602 0.0070 0.0050
183 0.1120 0.4660 0.0070 0.0050
183 0.1122 0.4713 0.0070 0.0050
183 0.1117 0.4775 0.0070 0.0050
183 0.1123 0.4828 0.0070 0.0050
183 0.1123 0.4891 0.0070 0.0050
183 0.1126 0.4955 0.0070 0.0050
183 0.1129 0.5021 0.0070 0.0050
183 0.1129 0.5087 0.0070 0.0050
183 0.1123 0.5147 0.0070 0.0050
183 0.1122 0.5200 0.0070 0.0050
183 0.1120 0.5262 0.0070 0.0050
183 0.1117 0.5321 0.0070 0.0050
183 0.1113 0.5383 0.0070 0.0050
183 0.1112 0.5441 0.0070 0.0050
183 0.1106 0.5498 0.0070 0.0050
183 0.1121 0.5551 0.0070 0.0050
183 0.1116 0.5732 0.0070 0.0050
183 0.1115 0.5790 0.0070 0.0050
183 0.1111 0.5846 0.0070 0.0050
183 0.1118 0.6022 0.0070 0.0050
183 0.1240 0.6060 0.0070 0.0050
183 0.1332 0.6063 0.0070 0.0050
183 0.1416 0.6059 0.0070 0.0050
183 0.1504 0.6062 0.0070 0.0050
183 0.1591 0.6057 0.0070 0.0050
183 0.1673 0.6068 0.0070 0.0050
