360 0.7731 0.1442 0.0125 0.0075
360 0.7674 0.1331 0.0125 0.0075
360 0.7545 0.1254 0.0125 0.0075
360 0.7348 0.1212 0.0125 0.0075
360 0.7152 0.1237 0.0125 0.0075
360 0.7009 0.1316 0.0125 0.0075
360 0.6944 0.1426 0.0125 0.0075
360 0.6959 0.1544 0.0125 0.0075
360 0.3084 0.1607 0.0125 0.0075
360 0.3155 0.1558 0.0125 0.0075
360 0.3213 0.1499 0.0125 0.0075
360 0.3234 0.1430 0.0125 0.0075
360 0.3211 0.1361 0.0125 0.0075
360 0.3147 0.1303 0.0125 0.0075
360 0.3073 0.1257 0.0125 0.0075
360 0.2969 0.1218 0.0125 0.0075
360 0.2849 0.1208 0.0125 0.0075
360 0.2736 0.1216 0.0125 0.0075
360 0.2628 0.1246 0.0125 0.0075
360 0.2543 0.1293 0.0125 0.0075
360 0.2492 0.1357 0.0125 0.0075
360 0.2474 0.1426 0.0125 0.0075
360 0.2490 0.1498 0.0125 0.0075
360 0.2549 0.1561 0.0125 0.0075
392 0.1678 0.2942 0.0054 0.0032
392 0.1752 0.2941 0.0054 0.0032
392 0.1832 0.2939 0.0054 0.0032
392 0.1939 0.2942 0.0054 0.0032
388 0.2151 0.4328 0.0036 0.0022
388 0.2131 0.4311 0.0036 0.0022
388 0.2108 0.4298 0.0036 0.0022
388 0.2079 0.4287 0.0036 0.0022
388 0.2050 0.4280 0.0036 0.0022
388 0.2020 0.4279 0.0036 0.0022
388 0.1979 0.4280 0.0036 0.0022
388 0.1945 0.4284 0.0036 0.0022
388 0.1916 0.4293 0.0036 0.0022
388 0.1893 0.4308 0.0036 0.0022
388 0.1869 0.4322 0.0036 0.0022
388 0.1853 0.4342 0.0036 0.0022
388 0.1842 0.4362 0.0036 0.0022
388 0.1845 0.4382 0.0036 0.0022
388 0.1852 0.4408 0.0036 0.0022
388 0.1866 0.4424 0.0036 0.0022
388 0.1884 0.4440 0.0036 0.0022
388 0.1906 0.4454 0.0036 0.0022
388 0.1935 0.4465 0.0036 0.0022
388 0.1968 0.4471 0.0036 0.0022
388 0.1998 0.4474 0.0036 0.0022
388 0.6511 0.4211 0.0036 0.0022
388 0.6508 0.4191 0.0036 0.0022
388 0.6513 0.4168 0.0036 0.0022
388 0.6522 0.4149 0.0036 0.0022
388 0.6538 0.4131 0.0036 0.0022
388 0.6560 0.4116 0.0036 0.0022
388 0.6585 0.4102 0.0036 0.0022
388 0.6612 0.4095 0.0036 0.0022
388 0.6649 0.4088 0.0036 0.0022
388 0.6682 0.4085 0.0036 0.0022
388 0.6715 0.4087 0.0036 0.0022
388 0.6748 0.4094 0.0036 0.0022
388 0.6778 0.4102 0.0036 0.0022
388 0.6803 0.4115 0.0036 0.0022
388 0.6826 0.4131 0.0036 0.0022
388 0.6846 0.4151 0.0036 0.0022
388 0.6850 0.4170 0.0036 0.0022
388 0.6859 0.4190 0.0036 0.0022
388 0.6852 0.4209 0.0036 0.0022
388 0.6842 0.4232 0.0036 0.0022
388 0.6828 0.4250 0.0036 0.0022
388 0.6802 0.4265 0.0036 0.0022
388 0.6773 0.4282 0.0036 0.0022
388 0.6918 0.4149 0.0036 0.0022
388 0.6948 0.4137 0.0036 0.0022
388 0.6975 0.4129 0.0036 0.0022
388 0.7007 0.4124 0.0036 0.0022
388 0.7041 0.4125 0.0036 0.0022
388 0.7072 0.4130 0.0036 0.0022
388 0.7101 0.4138 0.0036 0.0022
388 0.7129 0.4151 0.0036 0.0022
388 0.7151 0.4169 0.0036 0.0022
388 0.7167 0.4189 0.0036 0.0022
388 0.7174 0.4210 0.0036 0.0022
388 0.7175 0.4229 0.0036 0.0022
388 0.7168 0.4248 0.0036 0.0022
388 0.7154 0.4267 0.0036 0.0022
388 0.7132 0.4283 0.0036 0.0022
388 0.7112 0.4299 0.0036 0.0022
388 0.7387 0.4600 0.0036 0.0022
388 0.7422 0.4594 0.0036 0.0022
388 0.7451 0.4589 0.0036 0.0022
388 0.7484 0.4589 0.0036 0.0022
388 0.7515 0.4593 0.0036 0.0022
388 0.7547 0.4602 0.0036 0.0022
388 0.7579 0.4612 0.0036 0.0022
388 0.7607 0.4625 0.0036 0.0022
388 0.7625 0.4639 0.0036 0.0022
388 0.7641 0.4658 0.0036 0.0022
388 0.7648 0.4676 0.0036 0.0022
388 0.7651 0.4694 0.0036 0.0022
388 0.6673 0.7500 0.0036 0.0022
388 0.6684 0.7481 0.0036 0.0022
388 0.6682 0.7459 0.0036 0.0022
388 0.6672 0.7441 0.0036 0.0022
388 0.6660 0.7421 0.0036 0.0022
388 0.6645 0.7404 0.0036 0.0022
388 0.6617 0.7386 0.0036 0.0022
388 0.6586 0.7376 0.0036 0.0022
388 0.6554 0.7366 0.0036 0.0022
388 0.6522 0.7365 0.0036 0.0022
388 0.6488 0.7366 0.0036 0.0022
388 0.6456 0.7372 0.0036 0.0022
388 0.6424 0.7378 0.0036 0.0022
388 0.6401 0.7393 0.0036 0.0022
388 0.6374 0.7407 0.0036 0.0022
388 0.6356 0.7426 0.0036 0.0022
388 0.6345 0.7448 0.0036 0.0022
388 0.6336 0.7467 0.0036 0.0022
388 0.6337 0.7487 0.0036 0.0022
388 0.6346 0.7507 0.0036 0.0022
388 0.3440 0.7585 0.0036 0.0022
388 0.3405 0.7588 0.0036 0.0022
388 0.3372 0.7597 0.0036 0.0022
388 0.3342 0.7609 0.0036 0.0022
388 0.3313 0.7621 0.0036 0.0022
388 0.3297 0.7640 0.0036 0.0022
388 0.3287 0.7657 0.0036 0.0022
388 0.3273 0.7679 0.0036 0.0022
388 0.3266 0.7700 0.0036 0.0022
388 0.3275 0.7722 0.0036 0.0022
376-grandi 0.0618 0.2909 0.0092 0.0056
376-grandi 0.0625 0.3080 0.0092 0.0056
376-grandi 0.0622 0.3139 0.0092 0.0056
376-grandi 0.0617 0.3193 0.0092 0.0056
376-grandi 0.0616 0.3250 0.0092 0.0056
376-grandi 0.0612 0.3307 0.0092 0.0056
376-grandi 0.0621 0.3478 0.0092 0.0056
376-grandi 0.0614 0.3537 0.0092 0.0056
376-grandi 0.0615 0.3589 0.0092 0.0056
376-grandi 0.0615 0.3645 0.0092 0.0056
376-grandi 0.0613 0.3707 0.0092 0.0056
376-grandi 0.0612 0.3765 0.0092 0.0056
376-grandi 0.0609 0.3986 0.0092 0.0056
376-grandi 0.0596 0.4100 0.0092 0.0056
376-grandi 0.0593 0.4158 0.0092 0.0056
376-grandi 0.0592 0.4221 0.0092 0.0056
376-grandi 0.0588 0.4279 0.0092 0.0056
376-grandi 0.0583 0.4337 0.0092 0.0056
376-grandi 0.0583 0.4398 0.0092 0.0056
376-grandi 0.0578 0.4457 0.0092 0.0056
376-grandi 0.0587 0.4514 0.0092 0.0056
376-grandi 0.0584 0.4570 0.0092 0.0056
376-grandi 0.0582 0.4631 0.0092 0.0056
376-grandi 0.0581 0.4688 0.0092 0.0056
376-grandi 0.0581 0.4748 0.0092 0.0056
376-grandi 0.0573 0.4864 0.0092 0.0056
376-grandi 0.0570 0.4919 0.0092 0.0056
376-grandi 0.0565 0.5093 0.0092 0.0056
376-grandi 0.0554 0.5266 0.0092 0.0056
376-grandi 0.0552 0.5323 0.0092 0.0056
376-grandi 0.0546 0.5381 0.0092 0.0056
376-grandi 0.0540 0.5436 0.0092 0.0056
376-grandi 0.0538 0.5492 0.0092 0.0056
376-grandi 0.0540 0.5548 0.0092 0.0056
376-grandi 0.0538 0.5609 0.0092 0.0056
376-grandi 0.0542 0.5665 0.0092 0.0056
376-grandi 0.0539 0.5723 0.0092 0.0056
376-grandi 0.0536 0.5779 0.0092 0.0056
376-grandi 0.0531 0.5834 0.0092 0.0056
376-grandi 0.0529 0.5945 0.0092 0.0056
376-grandi 0.0534 0.6007 0.0092 0.0056
376-grandi 0.0534 0.5892 0.0092 0.0056
376-grandi 0.0536 0.6246 0.0092 0.0056
376-grandi 0.0539 0.6486 0.0092 0.0056
376-grandi 0.0536 0.6542 0.0092 0.0056
376-grandi 0.0541 0.6604 0.0092 0.0056
376-grandi 0.0540 0.6665 0.0092 0.0056
376-grandi 0.0543 0.6844 0.0092 0.0056
376-grandi 0.0550 0.6900 0.0092 0.0056
376-grandi 0.0541 0.6956 0.0092 0.0056
376-grandi 0.0537 0.7010 0.0092 0.0056
376-grandi 0.0542 0.7066 0.0092 0.0056
376-grandi 0.0548 0.7121 0.0092 0.0056
376-grandi 0.0541 0.7178 0.0092 0.0056
376-grandi 0.0545 0.7234 0.0092 0.0056
376-grandi 0.0542 0.7292 0.0092 0.0056
376-grandi 0.0541 0.7512 0.0092 0.0056
376-grandi 0.0540 0.7571 0.0092 0.0056
376-grandi 0.0544 0.7629 0.0092 0.0056
376-grandi 0.0541 0.7687 0.0092 0.0056
376-grandi 0.0543 0.7746 0.0092 0.0056
376-grandi 0.0545 0.7803 0.0092 0.0056
376-grandi 0.0537 0.7859 0.0092 0.0056
376-grandi 0.0544 0.7915 0.0092 0.0056
376-grandi 0.0547 0.7973 0.0092 0.0056
376-grandi 0.0550 0.8024 0.0092 0.0056
376-grandi 0.0545 0.8083 0.0092 0.0056
376-grandi 0.0540 0.8137 0.0092 0.0056
376-grandi 0.0544 0.8191 0.0092 0.0056
376-grandi 0.0541 0.8249 0.0092 0.0056
376-grandi 0.0540 0.8305 0.0092 0.0056
376-grandi 0.0542 0.8363 0.0092 0.0056
376-grandi 0.0543 0.8416 0.0092 0.0056
376-grandi 0.0530 0.8470 0.0092 0.0056
376-grandi 0.0539 0.8585 0.0092 0.0056
376-grandi 0.0542 0.8641 0.0092 0.0056
376-grandi 0.0542 0.8699 0.0092 0.0056
376-grandi 0.0524 0.8759 0.0092 0.0056
376-grandi 0.0526 0.8821 0.0092 0.0056
376-grandi 0.0524 0.8880 0.0092 0.0056
376-grandi 0.0515 0.8937 0.0092 0.0056
376-grandi 0.5187 0.3034 0.0092 0.0056
376-grandi 0.5187 0.3224 0.0092 0.0056
376-grandi 0.5191 0.3283 0.0092 0.0056
376-grandi 0.5185 0.3340 0.0092 0.0056
376-grandi 0.5180 0.3399 0.0092 0.0056
376-grandi 0.5186 0.3458 0.0092 0.0056
376-grandi 0.5174 0.3516 0.0092 0.0056
376-grandi 0.5181 0.3574 0.0092 0.0056
376-grandi 0.5179 0.3632 0.0092 0.0056
376-grandi 0.5182 0.3688 0.0092 0.0056
376-grandi 0.5184 0.3866 0.0092 0.0056
376-grandi 0.5177 0.3923 0.0092 0.0056
376-grandi 0.5177 0.3983 0.0092 0.0056
376-grandi 0.5175 0.4038 0.0092 0.0056
376-grandi 0.5174 0.4095 0.0092 0.0056
376-grandi 0.5171 0.4158 0.0092 0.0056
376-grandi 0.5174 0.4218 0.0092 0.0056
376-grandi 0.5179 0.4278 0.0092 0.0056
376-grandi 0.5175 0.4335 0.0092 0.0056
376-grandi 0.5180 0.4392 0.0092 0.0056
376-grandi 0.5178 0.4505 0.0092 0.0056
376-grandi 0.5177 0.4561 0.0092 0.0056
376-grandi 0.5172 0.4619 0.0092 0.0056
376-grandi 0.5165 0.4676 0.0092 0.0056
376-grandi 0.5163 0.4733 0.0092 0.0056
376-grandi 0.5165 0.4785 0.0092 0.0056
376-grandi 0.5166 0.4840 0.0092 0.0056
376-grandi 0.5168 0.4893 0.0092 0.0056
376-grandi 0.5171 0.4950 0.0092 0.0056
376-grandi 0.5177 0.5006 0.0092 0.0056
376-grandi 0.5177 0.5062 0.0092 0.0056
376-grandi 0.5166 0.5123 0.0092 0.0056
376-grandi 0.5172 0.5177 0.0092 0.0056
376-grandi 0.5171 0.5234 0.0092 0.0056
376-grandi 0.5169 0.5288 0.0092 0.0056
376-grandi 0.5171 0.5785 0.0092 0.0056
376-grandi 0.5169 0.5842 0.0092 0.0056
376-grandi 0.5168 0.5893 0.0092 0.0056
376-grandi 0.5166 0.5947 0.0092 0.0056
376-grandi 0.5164 0.5995 0.0092 0.0056
376-grandi 0.5163 0.6052 0.0092 0.0056
376-grandi 0.5166 0.6105 0.0092 0.0056
376-grandi 0.5165 0.6144 0.0092 0.0056
376-grandi 0.5163 0.6195 0.0092 0.0056
376-grandi 0.5168 0.6296 0.0092 0.0056
376-grandi 0.5171 0.6351 0.0092 0.0056
376-grandi 0.5166 0.6407 0.0092 0.0056
376-grandi 0.5166 0.6465 0.0092 0.0056
376-grandi 0.5169 0.6522 0.0092 0.0056
376-grandi 0.5168 0.6579 0.0092 0.0056
376-grandi 0.5160 0.6639 0.0092 0.0056
376-grandi 0.5168 0.6700 0.0092 0.0056
376-grandi 0.5163 0.6758 0.0092 0.0056
376-grandi 0.5162 0.6813 0.0092 0.0056
376-grandi 0.5160 0.6870 0.0092 0.0056
376-grandi 0.5155 0.6987 0.0092 0.0056
376-grandi 0.5156 0.7044 0.0092 0.0056
376-grandi 0.5161 0.7104 0.0092 0.0056
376-grandi 0.5162 0.7161 0.0092 0.0056
376-grandi 0.5163 0.7220 0.0092 0.0056
376-grandi 0.5163 0.7275 0.0092 0.0056
376-grandi 0.5160 0.7329 0.0092 0.0056
376-grandi 0.5153 0.7385 0.0092 0.0056
376-grandi 0.5157 0.7442 0.0092 0.0056
376-grandi 0.5156 0.7503 0.0092 0.0056
376-grandi 0.5160 0.7563 0.0092 0.0056
376-grandi 0.5160 0.7620 0.0092 0.0056
376-grandi 0.5152 0.7677 0.0092 0.0056
376-grandi 0.5158 0.7729 0.0092 0.0056
376-grandi 0.5159 0.7792 0.0092 0.0056
376-grandi 0.5162 0.7849 0.0092 0.0056
376-grandi 0.5154 0.7908 0.0092 0.0056
376-grandi 0.5156 0.7970 0.0092 0.0056
376-grandi 0.5160 0.8020 0.0092 0.0056
376-grandi 0.5154 0.8078 0.0092 0.0056
376-grandi 0.5158 0.8139 0.0092 0.0056
376-grandi 0.5154 0.8198 0.0092 0.0056
376-grandi 0.5156 0.8260 0.0092 0.0056
376-grandi 0.5144 0.8318 0.0092 0.0056
376-grandi 0.5149 0.8379 0.0092 0.0056
376-grandi 0.5150 0.8441 0.0092 0.0056
376-grandi 0.5141 0.8501 0.0092 0.0056
376-grandi 0.5150 0.8568 0.0092 0.0056
376-grandi 0.5149 0.8694 0.0092 0.0056
376-grandi 0.5147 0.8754 0.0092 0.0056
376-grandi 0.5156 0.8818 0.0092 0.0056
376-grandi 0.5160 0.8883 0.0092 0.0056
376-grandi 0.5156 0.8945 0.0092 0.0056
376-grandi 0.5159 0.9006 0.0092 0.0056
