392 0.2968 0.7159 0.0054 0.0031
392 0.2938 0.7140 0.0054 0.0031
392 0.2927 0.7114 0.0054 0.0031
392 0.2917 0.7084 0.0054 0.0031
392 0.2928 0.7054 0.0054 0.0031
392 0.2953 0.7023 0.0054 0.0031
392 0.2994 0.7000 0.0054 0.0031
392 0.3043 0.6989 0.0054 0.0031
392 0.3092 0.6984 0.0054 0.0031
392 0.3153 0.6987 0.0054 0.0031
392 0.3205 0.7010 0.0054 0.0031
392 0.3246 0.7036 0.0054 0.0031
392 0.3267 0.7066 0.0054 0.0031
392 0.3266 0.7096 0.0054 0.0031
392 0.2939 0.4064 0.0054 0.0031
392 0.2990 0.4045 0.0054 0.0031
392 0.3022 0.4014 0.0054 0.0031
392 0.3031 0.3980 0.0054 0.0031
392 0.3020 0.3942 0.0054 0.0031
392 0.2989 0.3908 0.0054 0.0031
392 0.2933 0.3884 0.0054 0.0031
392 0.2878 0.3871 0.0054 0.0031
392 0.2820 0.3875 0.0054 0.0031
392 0.2766 0.3889 0.0054 0.0031
392 0.2719 0.3910 0.0054 0.0031
392 0.2689 0.3942 0.0054 0.0031
392 0.5955 0.5226 0.0054 0.0031
392 0.5904 0.5208 0.0054 0.0031
392 0.5846 0.5209 0.0054 0.0031
392 0.5789 0.5216 0.0054 0.0031
392 0.5744 0.5231 0.0054 0.0031
392 0.5704 0.5255 0.0054 0.0031
392 0.5684 0.5287 0.0054 0.0031
392 0.5668 0.5319 0.0054 0.0031
392 0.5689 0.5348 0.0054 0.0031
392 0.5720 0.5378 0.0054 0.0031
392 0.5749 0.5398 0.0054 0.0031
392 0.5792 0.5408 0.0054 0.0031
392 0.5836 0.5424 0.0054 0.0031
392 0.6498 0.7962 0.0054 0.0031
392 0.6411 0.7925 0.0054 0.0031
392 0.6348 0.7922 0.0054 0.0031
392 0.6289 0.7926 0.0054 0.0031
392 0.6226 0.7949 0.0054 0.0031
392 0.6195 0.7974 0.0054 0.0031
392 0.6170 0.8011 0.0054 0.0031
392 0.6173 0.8047 0.0054 0.0031
392 0.6194 0.8078 0.0054 0.0031
392 0.6080 0.7879 0.0054 0.0031
392 0.5998 0.7856 0.0054 0.0031
392 0.5952 0.7836 0.0054 0.0031
392 0.5921 0.7823 0.0054 0.0031
392 0.5878 0.7807 0.0054 0.0031
392 0.5835 0.7798 0.0054 0.0031
392 0.6106 0.7748 0.0054 0.0031
392 0.6087 0.7729 0.0054 0.0031
392 0.6218 0.7774 0.0054 0.0031
392 0.6259 0.7762 0.0054 0.0031
392 0.6293 0.7744 0.0054 0.0031
376 0.7451 0.1545 0.0083 0.0049
376 0.7463 0.1493 0.0083 0.0049
376 0.7460 0.1438 0.0083 0.0049
376 0.7429 0.1384 0.0083 0.0049
376 0.7375 0.1338 0.0083 0.0049
376 0.7297 0.1300 0.0083 0.0049
376 0.7214 0.1275 0.0083 0.0049
376 0.7139 0.1261 0.0083 0.0049
376 0.7049 0.1256 0.0083 0.0049
376 0.6964 0.1270 0.0083 0.0049
376 0.6877 0.1290 0.0083 0.0049
376 0.6811 0.1323 0.0083 0.0049
376 0.6759 0.1370 0.0083 0.0049
376 0.6715 0.1413 0.0083 0.0049
376 0.6691 0.1467 0.0083 0.0049
376 0.6694 0.1530 0.0083 0.0049
376 0.6716 0.1584 0.0083 0.0049
376 0.6769 0.1623 0.0083 0.0049
376 0.2905 0.1576 0.0083 0.0049
376 0.2925 0.1524 0.0083 0.0049
376 0.2919 0.1473 0.0083 0.0049
376 0.2897 0.1420 0.0083 0.0049
376 0.2851 0.1374 0.0083 0.0049
376 0.2797 0.1334 0.0083 0.0049
376 0.2734 0.1308 0.0083 0.0049
376 0.2652 0.1277 0.0083 0.0049
376 0.2568 0.1265 0.0083 0.0049
376 0.2491 0.1260 0.0083 0.0049
376 0.2401 0.1265 0.0083 0.0049
376 0.2326 0.1291 0.0083 0.0049
376 0.2249 0.1325 0.0083 0.0049
376 0.2192 0.1369 0.0083 0.0049
376 0.2151 0.1425 0.0083 0.0049
376 0.2134 0.1487 0.0083 0.0049
376 0.2143 0.1547 0.0083 0.0049
376-grandi 0.4839 0.3137 0.0092 0.0054
376-grandi 0.4828 0.3196 0.0092 0.0054
376-grandi 0.4831 0.3252 0.0092 0.0054
376-grandi 0.4827 0.3308 0.0092 0.0054
376-grandi 0.4830 0.3363 0.0092 0.0054
376-grandi 0.4831 0.3418 0.0092 0.0054
376-grandi 0.4825 0.3470 0.0092 0.0054
376-grandi 0.4825 0.3696 0.0092 0.0054
376-grandi 0.4826 0.3967 0.0092 0.0054
376-grandi 0.4830 0.4025 0.0092 0.0054
376-grandi 0.4828 0.4078 0.0092 0.0054
376-grandi 0.4835 0.4133 0.0092 0.0054
376-grandi 0.4832 0.4186 0.0092 0.0054
376-grandi 0.4838 0.4245 0.0092 0.0054
376-grandi 0.4825 0.4300 0.0092 0.0054
376-grandi 0.4824 0.4353 0.0092 0.0054
376-grandi 0.4829 0.4410 0.0092 0.0054
376-grandi 0.4824 0.4463 0.0092 0.0054
376-grandi 0.4824 0.4515 0.0092 0.0054
376-grandi 0.4817 0.4566 0.0092 0.0054
376-grandi 0.4801 0.5046 0.0092 0.0054
376-grandi 0.4801 0.5103 0.0092 0.0054
376-grandi 0.4791 0.5313 0.0092 0.0054
376-grandi 0.4793 0.5371 0.0092 0.0054
376-grandi 0.4791 0.5427 0.0092 0.0054
376-grandi 0.4794 0.5482 0.0092 0.0054
376-grandi 0.4781 0.5757 0.0092 0.0054
376-grandi 0.4788 0.5708 0.0092 0.0054
376-grandi 0.4746 0.6143 0.0092 0.0054
376-grandi 0.4750 0.6202 0.0092 0.0054
376-grandi 0.4751 0.6255 0.0092 0.0054
376-grandi 0.4748 0.6543 0.0092 0.0054
376-grandi 0.4751 0.6601 0.0092 0.0054
376-grandi 0.4748 0.6663 0.0092 0.0054
376-grandi 0.4750 0.6719 0.0092 0.0054
376-grandi 0.4759 0.6774 0.0092 0.0054
376-grandi 0.4761 0.6830 0.0092 0.0054
376-grandi 0.4759 0.6890 0.0092 0.0054
376-grandi 0.4755 0.6949 0.0092 0.0054
376-grandi 0.4758 0.7002 0.0092 0.0054
376-grandi 0.4751 0.7066 0.0092 0.0054
376-grandi 0.4750 0.7124 0.0092 0.0054
376-grandi 0.4749 0.7183 0.0092 0.0054
376-grandi 0.4749 0.7244 0.0092 0.0054
376-grandi 0.4758 0.7413 0.0092 0.0054
376-grandi 0.4754 0.7476 0.0092 0.0054
376-grandi 0.4751 0.7529 0.0092 0.0054
376-grandi 0.4751 0.7592 0.0092 0.0054
376-grandi 0.4752 0.7650 0.0092 0.0054
376-grandi 0.4750 0.7712 0.0092 0.0054
376-grandi 0.4741 0.7767 0.0092 0.0054
376-grandi 0.4743 0.7824 0.0092 0.0054
376-grandi 0.4748 0.7874 0.0092 0.0054
376-grandi 0.4744 0.7930 0.0092 0.0054
376-grandi 0.4745 0.7988 0.0092 0.0054
376-grandi 0.4746 0.8044 0.0092 0.0054
376-grandi 0.4743 0.8101 0.0092 0.0054
376-grandi 0.4745 0.8154 0.0092 0.0054
376-grandi 0.4749 0.8275 0.0092 0.0054
376-grandi 0.4746 0.8708 0.0092 0.0054
376-grandi 0.4744 0.8759 0.0092 0.0054
376-grandi 0.4750 0.8821 0.0092 0.0054
376-grandi 0.4750 0.8880 0.0092 0.0054
376-grandi 0.4753 0.8942 0.0092 0.0054
376-grandi 0.9358 0.8653 0.0092 0.0054
376-grandi 0.9381 0.8596 0.0092 0.0054
376-grandi 0.9373 0.8534 0.0092 0.0054
376-grandi 0.9365 0.8479 0.0092 0.0054
376-grandi 0.9366 0.8420 0.0092 0.0054
376-grandi 0.9363 0.8370 0.0092 0.0054
376-grandi 0.9364 0.8315 0.0092 0.0054
376-grandi 0.9360 0.8252 0.0092 0.0054
376-grandi 0.9361 0.8197 0.0092 0.0054
376-grandi 0.9376 0.7979 0.0092 0.0054
376-grandi 0.9375 0.7926 0.0092 0.0054
376-grandi 0.9369 0.7871 0.0092 0.0054
376-grandi 0.9382 0.7818 0.0092 0.0054
376-grandi 0.9391 0.7759 0.0092 0.0054
376-grandi 0.9386 0.7706 0.0092 0.0054
376-grandi 0.9379 0.7644 0.0092 0.0054
376-grandi 0.9381 0.7586 0.0092 0.0054
376-grandi 0.9381 0.7527 0.0092 0.0054
376-grandi 0.9380 0.7470 0.0092 0.0054
376-grandi 0.9374 0.7176 0.0092 0.0054
376-grandi 0.9385 0.7116 0.0092 0.0054
376-grandi 0.9392 0.7062 0.0092 0.0054
376-grandi 0.9391 0.7006 0.0092 0.0054
376-grandi 0.9380 0.6948 0.0092 0.0054
376-grandi 0.9376 0.6889 0.0092 0.0054
376-grandi 0.9379 0.6836 0.0092 0.0054
376-grandi 0.9376 0.6779 0.0092 0.0054
376-grandi 0.9385 0.6601 0.0092 0.0054
376-grandi 0.9396 0.6543 0.0092 0.0054
376-grandi 0.9389 0.6487 0.0092 0.0054
376-grandi 0.9387 0.6430 0.0092 0.0054
376-grandi 0.9382 0.6369 0.0092 0.0054
376-grandi 0.9385 0.6309 0.0092 0.0054
376-grandi 0.9389 0.6248 0.0092 0.0054
376-grandi 0.9388 0.6185 0.0092 0.0054
376-grandi 0.9388 0.6130 0.0092 0.0054
376-grandi 0.9385 0.5686 0.0092 0.0054
376-grandi 0.9383 0.5629 0.0092 0.0054
376-grandi 0.9393 0.5572 0.0092 0.0054
376-grandi 0.9418 0.4625 0.0092 0.0054
376-grandi 0.9423 0.4570 0.0092 0.0054
376-grandi 0.9418 0.4506 0.0092 0.0054
376-grandi 0.9416 0.4444 0.0092 0.0054
558 0.6675 0.3492 0.0036 0.0021
558 0.6640 0.3478 0.0036 0.0021
558 0.6617 0.3457 0.0036 0.0021
558 0.6612 0.3437 0.0036 0.0021
558 0.6610 0.3416 0.0036 0.0021
558 0.6620 0.3398 0.0036 0.0021
558 0.6672 0.3365 0.0036 0.0021
558 0.6702 0.3356 0.0036 0.0021
558 0.6737 0.3349 0.0036 0.0021
558 0.6777 0.3353 0.0036 0.0021
558 0.6818 0.3362 0.0036 0.0021
558 0.6840 0.3376 0.0036 0.0021
558 0.6862 0.3387 0.0036 0.0021
558 0.6868 0.3408 0.0036 0.0021
558 0.6874 0.3427 0.0036 0.0021
558 0.6226 0.3437 0.0036 0.0021
558 0.6235 0.3411 0.0036 0.0021
558 0.6062 0.3356 0.0036 0.0021
558 0.6111 0.3350 0.0036 0.0021
558 0.6862 0.4773 0.0036 0.0021
558 0.6866 0.4749 0.0036 0.0021
558 0.6861 0.4732 0.0036 0.0021
558 0.6828 0.4710 0.0036 0.0021
558 0.6783 0.4706 0.0036 0.0021
558 0.6744 0.4712 0.0036 0.0021
558 0.6706 0.4739 0.0036 0.0021
558 0.6696 0.4774 0.0036 0.0021
558 0.6489 0.4774 0.0036 0.0021
558 0.6481 0.4748 0.0036 0.0021
558 0.6461 0.4728 0.0036 0.0021
558 0.6435 0.4712 0.0036 0.0021
558 0.6397 0.4708 0.0036 0.0021
558 0.6357 0.4705 0.0036 0.0021
558 0.6321 0.4717 0.0036 0.0021
558 0.6296 0.4732 0.0036 0.0021
558 0.6275 0.4750 0.0036 0.0021
558 0.6279 0.4769 0.0036 0.0021
558 0.6171 0.4780 0.0036 0.0021
558 0.6179 0.4758 0.0036 0.0021
558 0.6163 0.4739 0.0036 0.0021
558 0.6138 0.4724 0.0036 0.0021
558 0.6095 0.4717 0.0036 0.0021
558 0.6055 0.4723 0.0036 0.0021
558 0.6031 0.4737 0.0036 0.0021
558 0.6015 0.4758 0.0036 0.0021
558 0.6015 0.4778 0.0036 0.0021
558 0.6029 0.4799 0.0036 0.0021
558 0.2075 0.1615 0.0036 0.0021
558 0.2061 0.1597 0.0036 0.0021
558 0.2051 0.1573 0.0036 0.0021
558 0.2042 0.1552 0.0036 0.0021
558 0.2038 0.1530 0.0036 0.0021
558 0.2037 0.1508 0.0036 0.0021
558 0.2033 0.1485 0.0036 0.0021
558 0.2039 0.1470 0.0036 0.0021
558 0.2036 0.1452 0.0036 0.0021
558 0.2043 0.1433 0.0036 0.0021
558 0.2060 0.1406 0.0036 0.0021
558 0.2064 0.1383 0.0036 0.0021
558 0.2084 0.1357 0.0036 0.0021
558 0.2103 0.1340 0.0036 0.0021
558 0.2224 0.1264 0.0036 0.0021
558 0.2258 0.1245 0.0036 0.0021
558 0.2288 0.1235 0.0036 0.0021
558 0.2324 0.1228 0.0036 0.0021
558 0.2358 0.1222 0.0036 0.0021
558 0.2397 0.1214 0.0036 0.0021
558 0.2437 0.1211 0.0036 0.0021
558 0.2469 0.1210 0.0036 0.0021
558 0.2496 0.1209 0.0036 0.0021
558 0.2529 0.1209 0.0036 0.0021
558 0.2572 0.1207 0.0036 0.0021
558 0.2726 0.1230 0.0036 0.0021
558 0.2749 0.1244 0.0036 0.0021
558 0.2781 0.1253 0.0036 0.0021
558 0.2813 0.1264 0.0036 0.0021
558 0.2836 0.1276 0.0036 0.0021
558 0.2864 0.1291 0.0036 0.0021
558 0.2890 0.1310 0.0036 0.0021
558 0.2914 0.1322 0.0036 0.0021
558 0.2936 0.1341 0.0036 0.0021
558 0.2955 0.1357 0.0036 0.0021
558 0.2967 0.1378 0.0036 0.0021
558 0.2975 0.1393 0.0036 0.0021
558 0.3013 0.1438 0.0036 0.0021
558 0.3025 0.1461 0.0036 0.0021
558 0.3026 0.1486 0.0036 0.0021
558 0.3030 0.1514 0.0036 0.0021
558 0.3027 0.1536 0.0036 0.0021
558 0.3025 0.1564 0.0036 0.0021
558 0.3019 0.1583 0.0036 0.0021
558 0.3005 0.1601 0.0036 0.0021
558 0.6758 0.1698 0.0036 0.0021
558 0.6742 0.1686 0.0036 0.0021
558 0.6719 0.1672 0.0036 0.0021
558 0.6701 0.1660 0.0036 0.0021
558 0.6691 0.1648 0.0036 0.0021
558 0.6675 0.1634 0.0036 0.0021
558 0.6662 0.1619 0.0036 0.0021
558 0.6648 0.1602 0.0036 0.0021
558 0.6640 0.1587 0.0036 0.0021
558 0.6630 0.1568 0.0036 0.0021
558 0.6624 0.1554 0.0036 0.0021
558 0.6650 0.1388 0.0036 0.0021
558 0.6665 0.1371 0.0036 0.0021
558 0.6681 0.1353 0.0036 0.0021
558 0.6696 0.1334 0.0036 0.0021
558 0.6713 0.1323 0.0036 0.0021
558 0.6733 0.1308 0.0036 0.0021
558 0.6755 0.1290 0.0036 0.0021
558 0.6779 0.1277 0.0036 0.0021
558 0.6799 0.1268 0.0036 0.0021
558 0.6824 0.1256 0.0036 0.0021
558 0.6851 0.1246 0.0036 0.0021
558 0.6875 0.1236 0.0036 0.0021
558 0.6904 0.1229 0.0036 0.0021
558 0.6931 0.1222 0.0036 0.0021
558 0.6964 0.1214 0.0036 0.0021
558 0.6988 0.1212 0.0036 0.0021
558 0.7016 0.1208 0.0036 0.0021
558 0.7042 0.1206 0.0036 0.0021
558 0.7060 0.1205 0.0036 0.0021
558 0.7092 0.1204 0.0036 0.0021
558 0.7122 0.1204 0.0036 0.0021
558 0.7154 0.1206 0.0036 0.0021
558 0.7179 0.1210 0.0036 0.0021
558 0.7212 0.1212 0.0036 0.0021
558 0.7239 0.1218 0.0036 0.0021
558 0.7263 0.1224 0.0036 0.0021
558 0.7290 0.1231 0.0036 0.0021
558 0.7314 0.1239 0.0036 0.0021
558 0.7343 0.1246 0.0036 0.0021
558 0.7375 0.1258 0.0036 0.0021
558 0.7397 0.1270 0.0036 0.0021
558 0.7419 0.1285 0.0036 0.0021
558 0.7439 0.1298 0.0036 0.0021
558 0.7456 0.1313 0.0036 0.0021
558 0.7479 0.1327 0.0036 0.0021
558 0.7550 0.1445 0.0036 0.0021
558 0.7558 0.1465 0.0036 0.0021
558 0.7558 0.1484 0.0036 0.0021
558 0.7551 0.1507 0.0036 0.0021
558 0.7552 0.1526 0.0036 0.0021
558 0.7486 0.1631 0.0036 0.0021
