2 0.6567 0.3099 0.0090 0.0048
2 0.6783 0.3081 0.0090 0.0048
2 0.6764 0.3152 0.0090 0.0048
2 0.6595 0.3167 0.0090 0.0048
2 0.7663 0.3511 0.0090 0.0048
2 0.7530 0.3511 0.0090 0.0048
2 0.7634 0.3631 0.0090 0.0048
2 0.7524 0.3612 0.0090 0.0048
2 0.6108 0.3565 0.0090 0.0048
2 0.5975 0.3575 0.0090 0.0048
2 0.6110 0.3491 0.0090 0.0048
2 0.5971 0.3470 0.0090 0.0048
2 0.8797 0.2880 0.0090 0.0048
2 0.8795 0.2822 0.0090 0.0048
2 0.8802 0.2777 0.0090 0.0048
2 0.8779 0.2721 0.0090 0.0048
2 0.8783 0.2669 0.0090 0.0048
2 0.8779 0.2621 0.0090 0.0048
2 0.8783 0.2571 0.0090 0.0048
2 0.8772 0.2522 0.0090 0.0048
2 0.8772 0.2463 0.0090 0.0048
2 0.8770 0.2410 0.0090 0.0048
2 0.8773 0.2350 0.0090 0.0048
2 0.1253 0.2667 0.0090 0.0048
693 0.5380 0.2375 0.0196 0.0103
693 0.5511 0.2393 0.0202 0.0106
693 0.5610 0.2418 0.0202 0.0106
693 0.5732 0.2443 0.0202 0.0106
693 0.5827 0.2478 0.0202 0.0106
693 0.5935 0.2528 0.0202 0.0106
693 0.6036 0.2575 0.0202 0.0106
693 0.6118 0.2629 0.0202 0.0106
693 0.6198 0.2696 0.0202 0.0106
693 0.6267 0.2748 0.0202 0.0106
693 0.6289 0.2812 0.0202 0.0106
693 0.6347 0.2881 0.0202 0.0106
693 0.6095 0.2851 0.0202 0.0106
693 0.6040 0.2780 0.0202 0.0106
693 0.5940 0.2700 0.0202 0.0106
693 0.5837 0.2642 0.0202 0.0106
693 0.5728 0.2593 0.0202 0.0106
693 0.5586 0.2556 0.0202 0.0106
693 0.5462 0.2518 0.0202 0.0106
693 0.5310 0.2497 0.0202 0.0106
693 0.4897 0.2485 0.0202 0.0106
693 0.4767 0.2504 0.0202 0.0106
693 0.4642 0.2525 0.0202 0.0106
693 0.4214 0.2693 0.0202 0.0106
693 0.4058 0.2806 0.0202 0.0106
693 0.4013 0.2870 0.0202 0.0106
693 0.4888 0.2362 0.0202 0.0106
693 0.4751 0.2373 0.0202 0.0106
693 0.4639 0.2391 0.0202 0.0106
693 0.4385 0.2451 0.0202 0.0106
693 0.4087 0.2572 0.0202 0.0106
693 0.3997 0.2624 0.0202 0.0106
693 0.3934 0.2684 0.0202 0.0106
693 0.3862 0.2748 0.0202 0.0106
693 0.3829 0.2825 0.0202 0.0106
693 0.3942 0.3125 0.0202 0.0106
693 0.3968 0.3205 0.0202 0.0106
693 0.3996 0.3276 0.0202 0.0106
693 0.4079 0.3361 0.0202 0.0106
693 0.4057 0.3526 0.0202 0.0106
693 0.3947 0.3459 0.0202 0.0106
693 0.3883 0.3389 0.0202 0.0106
693 0.3818 0.3333 0.0202 0.0106
693 0.3771 0.3274 0.0202 0.0106
693 0.3749 0.3216 0.0202 0.0106
693 0.3738 0.3143 0.0202 0.0106
47 0.4402 0.3993 0.0187 0.0098
47 0.4795 0.4113 0.0187 0.0098
47 0.5265 0.4093 0.0187 0.0098
47 0.5588 0.3960 0.0187 0.0098
47 0.4673 0.2860 0.0187 0.0098
47 0.4374 0.2998 0.0187 0.0098
47 0.4758 0.4468 0.0187 0.0098
47 0.4577 0.4670 0.0187 0.0098
47 0.4390 0.4859 0.0187 0.0098
47 0.4220 0.5078 0.0187 0.0098
47 0.4055 0.5266 0.0187 0.0098
47 0.3872 0.5478 0.0187 0.0098
47 0.3711 0.5673 0.0187 0.0098
47 0.3568 0.5869 0.0187 0.0098
47 0.3416 0.6078 0.0187 0.0098
47 0.4273 0.5954 0.0187 0.0098
47 0.4176 0.5753 0.0187 0.0098
47 0.4192 0.5537 0.0187 0.0098
47 0.4831 0.5678 0.0187 0.0098
380 0.6029 0.3522 0.0175 0.0092
380 0.7607 0.3565 0.0175 0.0092
380 0.6675 0.3125 0.0175 0.0092
380 0.4463 0.2928 0.0175 0.0092
380 0.5471 0.4039 0.0175 0.0092
380 0.5034 0.4116 0.0175 0.0092
380 0.4584 0.4066 0.0175 0.0092
380 0.4866 0.4374 0.0175 0.0092
380 0.4679 0.4575 0.0175 0.0092
380 0.4490 0.4764 0.0175 0.0092
380 0.4308 0.4968 0.0175 0.0092
380 0.3951 0.5378 0.0175 0.0092
380 0.3789 0.5576 0.0175 0.0092
380 0.3638 0.5770 0.0175 0.0092
380 0.4216 0.5851 0.0175 0.0092
380 0.4162 0.5645 0.0175 0.0092
380 0.4237 0.5430 0.0175 0.0092
380 0.4860 0.5570 0.0175 0.0092
380 0.4853 0.5781 0.0175 0.0092
537 0.5091 0.2422 0.0157 0.0082
537 0.3828 0.3001 0.0157 0.0082
537 0.6186 0.3280 0.0157 0.0082
537 0.6101 0.3362 0.0157 0.0082
537 0.7093 0.3146 0.0157 0.0082
537 0.7277 0.3196 0.0157 0.0082
537 0.7428 0.3272 0.0157 0.0082
537 0.7528 0.3370 0.0157 0.0082
537 0.7477 0.3751 0.0157 0.0082
537 0.7371 0.3835 0.0157 0.0082
537 0.6196 0.3802 0.0157 0.0082
537 0.6113 0.3700 0.0157 0.0082
537 0.6343 0.4051 0.0157 0.0082
537 0.6471 0.4120 0.0157 0.0082
537 0.6832 0.4144 0.0157 0.0082
537 0.6999 0.4107 0.0157 0.0082
