403 0.3623 0.2038 0.0133 0.0033
403 0.3764 0.2013 0.0133 0.0033
403 0.3892 0.1992 0.0133 0.0033
403 0.4048 0.1971 0.0133 0.0033
403 0.4170 0.1955 0.0133 0.0033
403 0.4308 0.1951 0.0133 0.0033
403 0.4465 0.1945 0.0133 0.0033
403 0.4596 0.1945 0.0133 0.0033
403 0.4756 0.1947 0.0133 0.0033
403 0.4891 0.1947 0.0133 0.0033
403 0.5046 0.1955 0.0133 0.0033
403 0.5200 0.1961 0.0133 0.0033
403 0.5341 0.1973 0.0133 0.0033
403 0.5487 0.1990 0.0133 0.0033
403 0.5603 0.2007 0.0133 0.0033
403 0.5729 0.2026 0.0133 0.0033
403 0.5832 0.2046 0.0133 0.0033
403 0.5938 0.2030 0.0133 0.0033
403 0.5945 0.2069 0.0133 0.0033
403 0.6036 0.2097 0.0133 0.0033
403 0.5878 0.1991 0.0133 0.0033
403 0.5807 0.1953 0.0133 0.0033
403 0.5780 0.1915 0.0133 0.0033
403 0.5723 0.1881 0.0133 0.0033
403 0.5661 0.1837 0.0133 0.0033
403 0.5601 0.1796 0.0133 0.0033
403 0.5545 0.1763 0.0133 0.0033
403 0.5507 0.1723 0.0133 0.0033
403 0.5458 0.1680 0.0133 0.0033
403 0.5394 0.1638 0.0133 0.0033
403 0.5350 0.1598 0.0133 0.0033
403 0.5301 0.1552 0.0133 0.0033
403 0.5246 0.1510 0.0133 0.0033
403 0.5195 0.1471 0.0133 0.0033
403 0.5145 0.1431 0.0133 0.0033
403 0.5094 0.1393 0.0133 0.0033
403 0.5046 0.1358 0.0133 0.0033
403 0.5009 0.1318 0.0133 0.0033
403 0.4870 0.1237 0.0133 0.0033
403 0.4471 0.1297 0.0133 0.0033
403 0.4420 0.1333 0.0133 0.0033
403 0.4277 0.1449 0.0133 0.0033
403 0.4218 0.1490 0.0133 0.0033
403 0.4176 0.1529 0.0133 0.0033
403 0.4118 0.1568 0.0133 0.0033
403 0.3999 0.1656 0.0133 0.0033
403 0.3738 0.1869 0.0133 0.0033
403 0.4309 0.2237 0.0133 0.0033
403 0.4256 0.2204 0.0133 0.0033
403 0.4243 0.2152 0.0133 0.0033
403 0.4339 0.2088 0.0133 0.0033
403 0.4433 0.2067 0.0133 0.0033
403 0.4781 0.2042 0.0133 0.0033
403 0.4971 0.2061 0.0133 0.0033
403 0.5232 0.2172 0.0133 0.0033
403 0.5195 0.2220 0.0133 0.0033
403 0.5132 0.2243 0.0133 0.0033
403 0.3064 0.2488 0.0133 0.0033
403 0.3087 0.2517 0.0133 0.0033
403 0.3140 0.2554 0.0133 0.0033
403 0.3214 0.2584 0.0133 0.0033
403 0.3306 0.2623 0.0133 0.0033
403 0.3562 0.2683 0.0133 0.0033
403 0.3677 0.2707 0.0133 0.0033
403 0.3818 0.2731 0.0133 0.0033
403 0.3951 0.2752 0.0133 0.0033
403 0.4058 0.2770 0.0133 0.0033
403 0.4195 0.2785 0.0133 0.0033
403 0.4325 0.2798 0.0133 0.0033
403 0.4485 0.2810 0.0133 0.0033
403 0.4640 0.2818 0.0133 0.0033
403 0.4826 0.2817 0.0133 0.0033
403 0.4723 0.2841 0.0133 0.0033
403 0.4976 0.2819 0.0133 0.0033
403 0.5117 0.2809 0.0133 0.0033
403 0.5291 0.2801 0.0133 0.0033
403 0.5450 0.2788 0.0133 0.0033
403 0.5574 0.2774 0.0133 0.0033
403 0.5690 0.2758 0.0133 0.0033
403 0.5804 0.2740 0.0133 0.0033
403 0.5887 0.2719 0.0133 0.0033
403 0.5991 0.2696 0.0133 0.0033
403 0.6071 0.2670 0.0133 0.0033
403 0.6305 0.2575 0.0133 0.0033
403 0.6372 0.2535 0.0133 0.0033
403 0.6426 0.2502 0.0133 0.0033
403 0.6560 0.2503 0.0133 0.0033
403 0.6616 0.2542 0.0133 0.0033
403 0.6636 0.2574 0.0133 0.0033
403 0.6868 0.2732 0.0133 0.0033
403 0.6910 0.2764 0.0133 0.0033
403 0.6949 0.2793 0.0133 0.0033
403 0.7012 0.2824 0.0133 0.0033
403 0.7033 0.2854 0.0133 0.0033
403 0.7078 0.2885 0.0133 0.0033
403 0.7110 0.2910 0.0133 0.0033
403 0.7172 0.2938 0.0133 0.0033
403 0.7211 0.2966 0.0133 0.0033
403 0.7250 0.2999 0.0133 0.0033
403 0.7301 0.3033 0.0133 0.0033
403 0.7343 0.3065 0.0133 0.0033
403 0.7401 0.3094 0.0133 0.0033
403 0.7426 0.3127 0.0133 0.0033
403 0.7471 0.3157 0.0133 0.0033
403 0.7497 0.3186 0.0133 0.0033
403 0.7558 0.3220 0.0133 0.0033
403 0.7604 0.3252 0.0133 0.0033
403 0.7660 0.3282 0.0133 0.0033
403 0.7718 0.3346 0.0133 0.0033
403 0.7773 0.3372 0.0133 0.0033
403 0.7798 0.3403 0.0133 0.0033
403 0.7857 0.3430 0.0133 0.0033
403 0.7887 0.3457 0.0133 0.0033
403 0.7915 0.3487 0.0133 0.0033
403 0.7971 0.3520 0.0133 0.0033
403 0.8025 0.3553 0.0133 0.0033
403 0.8070 0.3582 0.0133 0.0033
403 0.8000 0.3614 0.0133 0.0033
403 0.7935 0.3589 0.0133 0.0033
403 0.7876 0.3561 0.0133 0.0033
403 0.7806 0.3535 0.0133 0.0033
403 0.7737 0.3507 0.0133 0.0033
403 0.7663 0.3484 0.0133 0.0033
403 0.7582 0.3459 0.0133 0.0033
403 0.7521 0.3430 0.0133 0.0033
403 0.7427 0.3409 0.0133 0.0033
403 0.7334 0.3383 0.0133 0.0033
403 0.7265 0.3364 0.0133 0.0033
403 0.7185 0.3338 0.0133 0.0033
403 0.7081 0.3316 0.0133 0.0033
403 0.6999 0.3293 0.0133 0.0033
403 0.6897 0.3269 0.0133 0.0033
403 0.6805 0.3246 0.0133 0.0033
403 0.6707 0.3218 0.0133 0.0033
403 0.6604 0.3199 0.0133 0.0033
403 0.6520 0.3171 0.0133 0.0033
403 0.6425 0.3152 0.0133 0.0033
403 0.6343 0.3137 0.0133 0.0033
403 0.6246 0.3115 0.0133 0.0033
403 0.6012 0.3067 0.0133 0.0033
403 0.5894 0.3043 0.0133 0.0033
403 0.5808 0.3025 0.0133 0.0033
403 0.5705 0.2999 0.0133 0.0033
403 0.5407 0.2930 0.0133 0.0033
403 0.5295 0.2911 0.0133 0.0033
403 0.5203 0.2889 0.0133 0.0033
403 0.5092 0.2875 0.0133 0.0033
403 0.3372 0.3054 0.0133 0.0033
403 0.3267 0.3080 0.0133 0.0033
403 0.3132 0.3105 0.0133 0.0033
403 0.3028 0.3134 0.0133 0.0033
403 0.2918 0.3161 0.0133 0.0033
403 0.2800 0.3186 0.0133 0.0033
403 0.2689 0.3219 0.0133 0.0033
403 0.2601 0.3244 0.0133 0.0033
403 0.2487 0.3276 0.0133 0.0033
403 0.2194 0.3373 0.0133 0.0033
403 0.2092 0.3406 0.0133 0.0033
403 0.2003 0.3441 0.0133 0.0033
403 0.1899 0.3475 0.0133 0.0033
403 0.1819 0.3508 0.0133 0.0033
403 0.1725 0.3549 0.0133 0.0033
403 0.1625 0.3583 0.0133 0.0033
403 0.1503 0.3625 0.0133 0.0033
403 0.1621 0.3514 0.0133 0.0033
403 0.1665 0.3473 0.0133 0.0033
403 0.1708 0.3439 0.0133 0.0033
403 0.1757 0.3399 0.0133 0.0033
403 0.1790 0.3366 0.0133 0.0033
403 0.2191 0.3073 0.0133 0.0033
403 0.2237 0.3037 0.0133 0.0033
403 0.2271 0.3007 0.0133 0.0033
403 0.2318 0.2970 0.0133 0.0033
403 0.2355 0.2935 0.0133 0.0033
403 0.2133 0.3111 0.0133 0.0033
403 0.2095 0.3145 0.0133 0.0033
403 0.2670 0.2701 0.0133 0.0033
403 0.2717 0.2659 0.0133 0.0033
403 0.2762 0.2623 0.0133 0.0033
403 0.2800 0.2579 0.0133 0.0033
403 0.2868 0.2536 0.0133 0.0033
403 0.2915 0.2499 0.0133 0.0033
403 0.2982 0.2452 0.0133 0.0033
652 0.3097 0.6673 0.0133 0.0033
652 0.3172 0.6653 0.0133 0.0033
652 0.3255 0.6634 0.0133 0.0033
652 0.3333 0.6616 0.0133 0.0033
652 0.3390 0.6592 0.0133 0.0033
652 0.3447 0.6572 0.0133 0.0033
652 0.3494 0.6544 0.0133 0.0033
652 0.3536 0.6517 0.0133 0.0033
652 0.3601 0.6494 0.0133 0.0033
652 0.3621 0.6464 0.0133 0.0033
652 0.3616 0.6429 0.0133 0.0033
652 0.3374 0.6193 0.0133 0.0033
652 0.3309 0.6169 0.0133 0.0033
652 0.3256 0.6148 0.0133 0.0033
652 0.3188 0.6132 0.0133 0.0033
652 0.3121 0.6113 0.0133 0.0033
652 0.3017 0.6098 0.0133 0.0033
652 0.2941 0.6084 0.0133 0.0033
652 0.2822 0.6069 0.0133 0.0033
652 0.2689 0.6059 0.0133 0.0033
652 0.2570 0.6048 0.0133 0.0033
652 0.2461 0.6038 0.0133 0.0033
652 0.2342 0.6034 0.0133 0.0033
652 0.2232 0.6036 0.0133 0.0033
652 0.2099 0.6036 0.0133 0.0033
652 0.1986 0.6039 0.0133 0.0033
652 0.1870 0.6045 0.0133 0.0033
652 0.1758 0.6052 0.0133 0.0033
652 0.1638 0.6066 0.0133 0.0033
652 0.1540 0.6080 0.0133 0.0033
652 0.1435 0.6095 0.0133 0.0033
652 0.1359 0.6115 0.0133 0.0033
652 0.1250 0.6133 0.0133 0.0033
652 0.1163 0.6154 0.0133 0.0033
652 0.1095 0.6175 0.0133 0.0033
652 0.1020 0.6200 0.0133 0.0033
652 0.0968 0.6229 0.0133 0.0033
652 0.0906 0.6254 0.0133 0.0033
652 0.0853 0.6285 0.0133 0.0033
652 0.0835 0.6319 0.0133 0.0033
652 0.0818 0.6353 0.0133 0.0033
652 0.0813 0.6383 0.0133 0.0033
652 0.0804 0.6418 0.0133 0.0033
652 0.0830 0.6449 0.0133 0.0033
652 0.0849 0.6484 0.0133 0.0033
652 0.0865 0.6514 0.0133 0.0033
652 0.0910 0.6543 0.0133 0.0033
652 0.0948 0.6566 0.0133 0.0033
652 0.1004 0.6593 0.0133 0.0033
652 0.1076 0.6610 0.0133 0.0033
652 0.6312 0.6612 0.0133 0.0033
652 0.6222 0.6597 0.0133 0.0033
652 0.6147 0.6576 0.0133 0.0033
652 0.6068 0.6552 0.0133 0.0033
652 0.5984 0.6528 0.0133 0.0033
652 0.5946 0.6495 0.0133 0.0033
652 0.5878 0.6467 0.0133 0.0033
652 0.5838 0.6438 0.0133 0.0033
652 0.5821 0.6405 0.0133 0.0033
652 0.5785 0.6375 0.0133 0.0033
652 0.5773 0.6346 0.0133 0.0033
652 0.5799 0.6311 0.0133 0.0033
652 0.5804 0.6284 0.0133 0.0033
652 0.6097 0.6076 0.0133 0.0033
652 0.6187 0.6057 0.0133 0.0033
652 0.6261 0.6038 0.0133 0.0033
652 0.6332 0.6022 0.0133 0.0033
652 0.6417 0.6009 0.0133 0.0033
652 0.6499 0.5998 0.0133 0.0033
652 0.6596 0.5981 0.0133 0.0033
652 0.6697 0.5969 0.0133 0.0033
652 0.6808 0.5961 0.0133 0.0033
652 0.6902 0.5955 0.0133 0.0033
652 0.7002 0.5948 0.0133 0.0033
652 0.7114 0.5944 0.0133 0.0033
652 0.7223 0.5939 0.0133 0.0033
652 0.7323 0.5938 0.0133 0.0033
652 0.7469 0.5943 0.0133 0.0033
652 0.7598 0.5950 0.0133 0.0033
652 0.7719 0.5961 0.0133 0.0033
652 0.7830 0.5974 0.0133 0.0033
652 0.7932 0.5988 0.0133 0.0033
652 0.8042 0.6004 0.0133 0.0033
652 0.8134 0.6025 0.0133 0.0033
652 0.8240 0.6043 0.0133 0.0033
652 0.8338 0.6063 0.0133 0.0033
652 0.8393 0.6085 0.0133 0.0033
652 0.8468 0.6107 0.0133 0.0033
652 0.8519 0.6128 0.0133 0.0033
652 0.8564 0.6155 0.0133 0.0033
652 0.8603 0.6181 0.0133 0.0033
652 0.8640 0.6211 0.0133 0.0033
652 0.8670 0.6244 0.0133 0.0033
652 0.8683 0.6271 0.0133 0.0033
652 0.8696 0.6299 0.0133 0.0033
652 0.8690 0.6329 0.0133 0.0033
652 0.8695 0.6361 0.0133 0.0033
652 0.8671 0.6393 0.0133 0.0033
652 0.8631 0.6420 0.0133 0.0033
652 0.8592 0.6446 0.0133 0.0033
652 0.8567 0.6474 0.0133 0.0033
652 0.8511 0.6493 0.0133 0.0033
377 0.3634 0.4675 0.0206 0.0051
377 0.3744 0.4618 0.0206 0.0051
377 0.3427 0.4698 0.0206 0.0051
377 0.5316 0.4632 0.0206 0.0051
377 0.5342 0.4696 0.0206 0.0051
377 0.5578 0.4735 0.0206 0.0051
196 0.2916 0.4931 0.0133 0.0033
196 0.2898 0.4888 0.0133 0.0033
196 0.2890 0.4848 0.0133 0.0033
196 0.3051 0.4639 0.0133 0.0033
196 0.3226 0.4584 0.0133 0.0033
196 0.3137 0.4607 0.0133 0.0033
196 0.3310 0.4558 0.0133 0.0033
196 0.3429 0.4534 0.0133 0.0033
196 0.3533 0.4507 0.0133 0.0033
196 0.3669 0.4489 0.0133 0.0033
196 0.3794 0.4470 0.0133 0.0033
196 0.3929 0.4454 0.0133 0.0033
196 0.4075 0.4440 0.0133 0.0033
196 0.4223 0.4433 0.0133 0.0033
196 0.4740 0.4435 0.0133 0.0033
196 0.4877 0.4443 0.0133 0.0033
196 0.4994 0.4451 0.0133 0.0033
196 0.5122 0.4466 0.0133 0.0033
196 0.5248 0.4481 0.0133 0.0033
196 0.5372 0.4499 0.0133 0.0033
196 0.5493 0.4525 0.0133 0.0033
196 0.5594 0.4546 0.0133 0.0033
196 0.5708 0.4573 0.0133 0.0033
196 0.5798 0.4607 0.0133 0.0033
196 0.5903 0.4647 0.0133 0.0033
196 0.5962 0.4681 0.0133 0.0033
196 0.6028 0.4718 0.0133 0.0033
196 0.6065 0.4756 0.0133 0.0033
333 0.3874 0.4659 0.0111 0.0027
333 0.3679 0.4724 0.0111 0.0027
333 0.5153 0.4678 0.0111 0.0027
333 0.5319 0.4743 0.0111 0.0027
599 0.2910 0.4976 0.0088 0.0022
599 0.2828 0.4995 0.0088 0.0022
599 0.3027 0.4970 0.0088 0.0022
599 0.3387 0.5133 0.0088 0.0022
599 0.5251 0.4592 0.0088 0.0022
599 0.5688 0.4774 0.0088 0.0022
599 0.3820 0.4576 0.0088 0.0022
