631 0.2217 0.6534 0.0157 0.0082
631 0.2322 0.6439 0.0157 0.0082
631 0.2422 0.6346 0.0157 0.0082
631 0.2547 0.6258 0.0157 0.0082
631 0.2685 0.6172 0.0157 0.0082
631 0.2835 0.6088 0.0157 0.0082
631 0.2990 0.6010 0.0157 0.0082
631 0.2206 0.5914 0.0157 0.0082
631 0.2410 0.5914 0.0157 0.0082
631 0.2598 0.5912 0.0157 0.0082
631 0.2799 0.5914 0.0157 0.0082
631 0.2990 0.5912 0.0157 0.0082
631 0.3199 0.5903 0.0157 0.0082
631 0.4382 0.5911 0.0157 0.0082
631 0.4771 0.5918 0.0157 0.0082
631 0.4964 0.5923 0.0157 0.0082
631 0.5175 0.5926 0.0157 0.0082
631 0.5400 0.5928 0.0157 0.0082
631 0.5592 0.5940 0.0157 0.0082
631 0.5775 0.5935 0.0157 0.0082
631 0.5993 0.5937 0.0157 0.0082
631 0.6173 0.5937 0.0157 0.0082
631 0.6406 0.5935 0.0157 0.0082
631 0.6610 0.5932 0.0157 0.0082
631 0.6834 0.5946 0.0157 0.0082
631 0.6942 0.6037 0.0157 0.0082
631 0.6804 0.6106 0.0157 0.0082
631 0.6662 0.6188 0.0157 0.0082
631 0.6544 0.6257 0.0157 0.0082
631 0.6422 0.6339 0.0157 0.0082
631 0.6009 0.6680 0.0157 0.0082
631 0.5934 0.6782 0.0157 0.0082
631 0.5861 0.6872 0.0157 0.0082
631 0.5692 0.6859 0.0157 0.0082
631 0.5615 0.6770 0.0157 0.0082
631 0.5545 0.6687 0.0157 0.0082
631 0.5462 0.6596 0.0157 0.0082
631 0.5368 0.6512 0.0157 0.0082
631 0.5266 0.6424 0.0157 0.0082
631 0.5173 0.6345 0.0157 0.0082
631 0.4947 0.6183 0.0157 0.0082
631 0.4820 0.6115 0.0157 0.0082
631 0.4686 0.6044 0.0157 0.0082
631 0.4565 0.5977 0.0157 0.0082
631 0.3969 0.3034 0.0157 0.0082
631 0.4130 0.3062 0.0157 0.0082
631 0.4275 0.3117 0.0157 0.0082
631 0.4406 0.3212 0.0157 0.0082
631 0.4490 0.3306 0.0157 0.0082
631 0.4506 0.3409 0.0157 0.0082
631 0.4469 0.3515 0.0157 0.0082
631 0.4381 0.3602 0.0157 0.0082
631 0.4250 0.3671 0.0157 0.0082
631 0.3156 0.3394 0.0157 0.0082
631 0.3195 0.3289 0.0157 0.0082
631 0.3364 0.3132 0.0157 0.0082
631 0.3491 0.3082 0.0157 0.0082
631 0.3636 0.3043 0.0157 0.0082
631 0.3807 0.3027 0.0157 0.0082
631 0.7491 0.3607 0.0157 0.0082
631 0.7389 0.3531 0.0157 0.0082
631 0.7340 0.3446 0.0157 0.0082
631 0.7333 0.3344 0.0157 0.0082
631 0.7351 0.3255 0.0157 0.0082
631 0.7435 0.3158 0.0157 0.0082
631 0.7546 0.3087 0.0157 0.0082
631 0.7696 0.3038 0.0157 0.0082
631 0.7877 0.3004 0.0157 0.0082
631 0.8057 0.3000 0.0157 0.0082
631 0.8245 0.3013 0.0157 0.0082
631 0.8426 0.3063 0.0157 0.0082
631 0.8565 0.3141 0.0157 0.0082
631 0.8665 0.3229 0.0157 0.0082
631 0.8714 0.3333 0.0157 0.0082
631 0.8714 0.3428 0.0157 0.0082
631 0.8665 0.3514 0.0157 0.0082
631 0.8575 0.3594 0.0157 0.0082
631 0.8457 0.3663 0.0157 0.0082
631 0.8253 0.6978 0.0157 0.0082
631 0.8388 0.6899 0.0157 0.0082
631 0.8457 0.6609 0.0157 0.0082
631 0.8375 0.6514 0.0157 0.0082
631 0.8248 0.6436 0.0157 0.0082
631 0.8124 0.6386 0.0157 0.0082
631 0.7948 0.6358 0.0157 0.0082
631 0.7769 0.6353 0.0157 0.0082
631 0.7567 0.6383 0.0157 0.0082
631 0.7376 0.6431 0.0157 0.0082
631 0.7190 0.6590 0.0157 0.0082
631 0.7150 0.6685 0.0157 0.0082
631 0.7153 0.6775 0.0157 0.0082
631 0.7207 0.6856 0.0157 0.0082
631 0.7295 0.6933 0.0157 0.0082
631 0.4217 0.6931 0.0157 0.0082
631 0.4347 0.6859 0.0157 0.0082
631 0.4436 0.6771 0.0157 0.0082
631 0.4466 0.6679 0.0157 0.0082
631 0.4466 0.6576 0.0157 0.0082
631 0.4402 0.6492 0.0157 0.0082
631 0.4308 0.6421 0.0157 0.0082
631 0.4142 0.6358 0.0157 0.0082
631 0.3752 0.6302 0.0157 0.0082
631 0.3574 0.6324 0.0157 0.0082
631 0.3394 0.6374 0.0157 0.0082
631 0.3254 0.6447 0.0157 0.0082
631 0.3186 0.6536 0.0157 0.0082
631 0.3142 0.6631 0.0157 0.0082
631 0.3156 0.6739 0.0157 0.0082
631 0.3213 0.6829 0.0157 0.0082
631 0.3317 0.6905 0.0157 0.0082
403 0.1059 0.3660 0.0081 0.0042
403 0.1120 0.3618 0.0081 0.0042
403 0.1193 0.3584 0.0081 0.0042
403 0.1260 0.3552 0.0081 0.0042
403 0.1352 0.3525 0.0081 0.0042
403 0.1425 0.3499 0.0081 0.0042
403 0.1504 0.3518 0.0081 0.0042
403 0.1246 0.5487 0.0081 0.0042
403 0.1351 0.5487 0.0081 0.0042
403 0.1447 0.5493 0.0081 0.0042
403 0.1542 0.5494 0.0081 0.0042
403 0.1759 0.5498 0.0081 0.0042
403 0.7506 0.3911 0.0081 0.0042
403 0.7597 0.3911 0.0081 0.0042
403 0.7698 0.3907 0.0081 0.0042
403 0.7796 0.3908 0.0081 0.0042
403 0.7904 0.3912 0.0081 0.0042
403 0.7995 0.3917 0.0081 0.0042
403 0.7435 0.4798 0.0081 0.0042
403 0.7529 0.4836 0.0081 0.0042
403 0.7617 0.4877 0.0081 0.0042
403 0.7708 0.4913 0.0081 0.0042
403 0.7796 0.4944 0.0081 0.0042
403 0.7888 0.4974 0.0081 0.0042
403 0.8000 0.4997 0.0081 0.0042
403 0.8100 0.5024 0.0081 0.0042
403 0.8226 0.5037 0.0081 0.0042
403 0.7103 0.4944 0.0081 0.0042
403 0.7077 0.5000 0.0081 0.0042
403 0.7057 0.5058 0.0081 0.0042
403 0.7040 0.5101 0.0081 0.0042
403 0.7014 0.5142 0.0081 0.0042
403 0.6988 0.5184 0.0081 0.0042
403 0.6986 0.5237 0.0081 0.0042
403 0.6980 0.5275 0.0081 0.0042
403 0.6973 0.5323 0.0081 0.0042
403 0.6962 0.5371 0.0081 0.0042
403 0.6956 0.5427 0.0081 0.0042
403 0.6950 0.5480 0.0081 0.0042
403 0.6947 0.5534 0.0081 0.0042
403 0.6942 0.5597 0.0081 0.0042
403 0.6936 0.5650 0.0081 0.0042
403 0.9248 0.4594 0.0081 0.0042
403 0.9193 0.4537 0.0081 0.0042
403 0.9111 0.4473 0.0081 0.0042
403 0.9047 0.4429 0.0081 0.0042
403 0.8953 0.4381 0.0081 0.0042
403 0.8851 0.4348 0.0081 0.0042
403 0.8661 0.4335 0.0081 0.0042
403 0.8627 0.4383 0.0081 0.0042
403 0.8554 0.4429 0.0081 0.0042
403 0.9180 0.6463 0.0081 0.0042
403 0.9278 0.6545 0.0081 0.0042
403 0.7068 0.6018 0.0081 0.0042
403 0.6937 0.6098 0.0081 0.0042
403 0.6818 0.6044 0.0081 0.0042
403 0.6685 0.6121 0.0081 0.0042
403 0.6795 0.6175 0.0081 0.0042
403 0.6548 0.6193 0.0081 0.0042
403 0.6671 0.6249 0.0081 0.0042
403 0.6562 0.6323 0.0081 0.0042
403 0.6428 0.6273 0.0081 0.0042
403 0.6315 0.6358 0.0081 0.0042
403 0.6435 0.6412 0.0081 0.0042
403 0.6983 0.5903 0.0081 0.0042
403 0.6961 0.5960 0.0081 0.0042
403 0.7238 0.5936 0.0081 0.0042
403 0.7398 0.5908 0.0081 0.0042
403 0.6736 0.5904 0.0081 0.0042
403 0.6716 0.5964 0.0081 0.0042
403 0.6520 0.5900 0.0081 0.0042
403 0.6508 0.5975 0.0081 0.0042
403 0.6292 0.5970 0.0081 0.0042
403 0.6295 0.5907 0.0081 0.0042
403 0.6082 0.5973 0.0081 0.0042
403 0.6086 0.5895 0.0081 0.0042
403 0.5879 0.5901 0.0081 0.0042
403 0.5882 0.5974 0.0081 0.0042
403 0.5674 0.5974 0.0081 0.0042
403 0.5679 0.5899 0.0081 0.0042
403 0.5474 0.5965 0.0081 0.0042
403 0.5296 0.5967 0.0081 0.0042
403 0.5299 0.5904 0.0081 0.0042
403 0.5063 0.5965 0.0081 0.0042
403 0.4852 0.5961 0.0081 0.0042
403 0.4712 0.5969 0.0081 0.0042
403 0.4604 0.5906 0.0081 0.0042
403 0.4479 0.5936 0.0081 0.0042
403 0.4236 0.5880 0.0081 0.0042
403 0.4815 0.6041 0.0081 0.0042
403 0.4939 0.6110 0.0081 0.0042
403 0.4821 0.6172 0.0081 0.0042
403 0.5191 0.6269 0.0081 0.0042
403 0.5305 0.6362 0.0081 0.0042
403 0.5396 0.6435 0.0081 0.0042
403 0.5492 0.6518 0.0081 0.0042
403 0.5581 0.6611 0.0081 0.0042
403 0.5644 0.6696 0.0081 0.0042
403 0.5507 0.6737 0.0081 0.0042
403 0.5434 0.6656 0.0081 0.0042
403 0.5723 0.6791 0.0081 0.0042
403 0.5585 0.6817 0.0081 0.0042
403 0.5657 0.6916 0.0081 0.0042
403 0.5758 0.6902 0.0081 0.0042
403 0.5942 0.6927 0.0081 0.0042
403 0.5862 0.7006 0.0081 0.0042
403 0.5793 0.7278 0.0081 0.0042
403 0.5982 0.6851 0.0081 0.0042
403 0.5846 0.6811 0.0081 0.0042
403 0.6043 0.6752 0.0081 0.0042
403 0.5914 0.6714 0.0081 0.0042
403 0.6134 0.6656 0.0081 0.0042
403 0.6010 0.6623 0.0081 0.0042
403 0.3357 0.7012 0.0081 0.0042
403 0.3354 0.7061 0.0081 0.0042
403 0.3338 0.7105 0.0081 0.0042
403 0.3329 0.7147 0.0081 0.0042
403 0.3328 0.7193 0.0081 0.0042
403 0.3319 0.7242 0.0081 0.0042
403 0.3301 0.7286 0.0081 0.0042
403 0.3282 0.7332 0.0081 0.0042
403 0.3270 0.7376 0.0081 0.0042
403 0.3257 0.7423 0.0081 0.0042
403 0.3223 0.7458 0.0081 0.0042
403 0.3220 0.7502 0.0081 0.0042
403 0.3195 0.7547 0.0081 0.0042
403 0.3175 0.7586 0.0081 0.0042
403 0.3165 0.7633 0.0081 0.0042
403 0.3132 0.7680 0.0081 0.0042
403 0.3103 0.7732 0.0081 0.0042
403 0.3078 0.7767 0.0081 0.0042
403 0.3059 0.7815 0.0081 0.0042
403 0.3036 0.7863 0.0081 0.0042
403 0.3007 0.7901 0.0081 0.0042
403 0.2977 0.7947 0.0081 0.0042
403 0.2955 0.7989 0.0081 0.0042
403 0.2935 0.8036 0.0081 0.0042
403 0.2875 0.8130 0.0081 0.0042
403 0.2871 0.8183 0.0081 0.0042
403 0.3028 0.8188 0.0081 0.0042
403 0.2958 0.8222 0.0081 0.0042
403 0.2852 0.8224 0.0081 0.0042
403 0.2839 0.8268 0.0081 0.0042
403 0.2908 0.8263 0.0081 0.0042
403 0.2850 0.8313 0.0081 0.0042
403 0.2896 0.8327 0.0081 0.0042
403 0.2843 0.8362 0.0081 0.0042
403 0.2839 0.8414 0.0081 0.0042
403 0.2878 0.8456 0.0081 0.0042
403 0.3405 0.7185 0.0081 0.0042
403 0.3494 0.7187 0.0081 0.0042
403 0.3587 0.7189 0.0081 0.0042
403 0.3674 0.7199 0.0081 0.0042
403 0.3763 0.7207 0.0081 0.0042
403 0.3860 0.7211 0.0081 0.0042
403 0.3960 0.7223 0.0081 0.0042
403 0.4054 0.7223 0.0081 0.0042
403 0.4143 0.7215 0.0081 0.0042
403 0.4151 0.7042 0.0081 0.0042
403 0.4181 0.7077 0.0081 0.0042
403 0.4219 0.7118 0.0081 0.0042
403 0.4275 0.7155 0.0081 0.0042
403 0.4330 0.7191 0.0081 0.0042
403 0.4385 0.7229 0.0081 0.0042
403 0.4423 0.7265 0.0081 0.0042
403 0.4527 0.7331 0.0081 0.0042
403 0.4577 0.7372 0.0081 0.0042
403 0.4625 0.7411 0.0081 0.0042
403 0.4669 0.7449 0.0081 0.0042
403 0.4717 0.7482 0.0081 0.0042
403 0.4779 0.7519 0.0081 0.0042
403 0.4819 0.7548 0.0081 0.0042
403 0.4859 0.7581 0.0081 0.0042
403 0.4918 0.7620 0.0081 0.0042
403 0.4988 0.7668 0.0081 0.0042
403 0.5052 0.7701 0.0081 0.0042
403 0.5095 0.7743 0.0081 0.0042
403 0.4667 0.8205 0.0081 0.0042
403 0.4634 0.8250 0.0081 0.0042
392 0.6968 0.8424 0.0054 0.0028
392 0.6943 0.8384 0.0054 0.0028
392 0.6931 0.8347 0.0054 0.0028
392 0.6925 0.8307 0.0054 0.0028
392 0.6933 0.8269 0.0054 0.0028
392 0.6941 0.8230 0.0054 0.0028
392 0.7050 0.8045 0.0054 0.0028
392 0.7075 0.8008 0.0054 0.0028
392 0.7102 0.7959 0.0054 0.0028
392 0.7113 0.7923 0.0054 0.0028
392 0.7133 0.7877 0.0054 0.0028
392 0.7154 0.7836 0.0054 0.0028
392 0.7169 0.7784 0.0054 0.0028
392 0.7188 0.7743 0.0054 0.0028
392 0.7209 0.7695 0.0054 0.0028
392 0.7221 0.7649 0.0054 0.0028
392 0.7235 0.7604 0.0054 0.0028
392 0.8477 0.7871 0.0054 0.0028
392 0.8520 0.7846 0.0054 0.0028
392 0.8550 0.7821 0.0054 0.0028
392 0.8569 0.7790 0.0054 0.0028
392 0.8581 0.7767 0.0054 0.0028
392 0.8583 0.7728 0.0054 0.0028
392 0.8440 0.7553 0.0054 0.0028
392 0.8483 0.7583 0.0054 0.0028
392 0.8524 0.7617 0.0054 0.0028
392 0.8584 0.7651 0.0054 0.0028
392 0.8629 0.7675 0.0054 0.0028
392 0.8677 0.7704 0.0054 0.0028
392 0.8737 0.7732 0.0054 0.0028
392 0.8791 0.7757 0.0054 0.0028
392 0.8860 0.7780 0.0054 0.0028
392 0.8916 0.7817 0.0054 0.0028
392 0.8962 0.7844 0.0054 0.0028
392 0.9012 0.7876 0.0054 0.0028
392 0.9046 0.7913 0.0054 0.0028
392 0.9099 0.7950 0.0054 0.0028
392 0.9129 0.7997 0.0054 0.0028
392 0.9143 0.8035 0.0054 0.0028
392 0.9154 0.8078 0.0054 0.0028
392 0.9165 0.8120 0.0054 0.0028
