403 0.2632 0.5912 0.0081 0.0042
403 0.2901 0.5900 0.0081 0.0042
403 0.3140 0.5906 0.0081 0.0042
403 0.3391 0.5891 0.0081 0.0042
403 0.3875 0.5903 0.0081 0.0042
403 0.4127 0.5895 0.0081 0.0042
403 0.4384 0.5900 0.0081 0.0042
403 0.5057 0.5890 0.0081 0.0042
403 0.5524 0.5880 0.0081 0.0042
403 0.5526 0.5929 0.0081 0.0042
403 0.5061 0.5954 0.0081 0.0042
403 0.5597 0.5971 0.0081 0.0042
403 0.4366 0.5973 0.0081 0.0042
403 0.4141 0.5970 0.0081 0.0042
403 0.3884 0.5974 0.0081 0.0042
403 0.3642 0.5980 0.0081 0.0042
403 0.3385 0.5980 0.0081 0.0042
403 0.3138 0.5983 0.0081 0.0042
403 0.3043 0.6002 0.0081 0.0042
403 0.2786 0.6002 0.0081 0.0042
403 0.2935 0.6079 0.0081 0.0042
403 0.3200 0.6088 0.0081 0.0042
403 0.3105 0.6154 0.0081 0.0042
403 0.3352 0.6172 0.0081 0.0042
403 0.3253 0.6232 0.0081 0.0042
403 0.3401 0.6325 0.0081 0.0042
403 0.3531 0.6279 0.0081 0.0042
403 0.3682 0.6389 0.0081 0.0042
403 0.3675 0.6546 0.0081 0.0042
403 0.3802 0.6513 0.0081 0.0042
403 0.3938 0.6627 0.0081 0.0042
403 0.3789 0.6678 0.0081 0.0042
403 0.4028 0.6756 0.0081 0.0042
403 0.3978 0.6897 0.0081 0.0042
403 0.4103 0.6867 0.0081 0.0042
403 0.4027 0.7030 0.0081 0.0042
403 0.4053 0.7091 0.0081 0.0042
403 0.4200 0.7105 0.0081 0.0042
403 0.4113 0.7236 0.0081 0.0042
403 0.4154 0.6966 0.0081 0.0042
403 0.4226 0.6986 0.0081 0.0042
403 0.4299 0.6874 0.0081 0.0042
403 0.4397 0.6752 0.0081 0.0042
403 0.4248 0.6729 0.0081 0.0042
403 0.4365 0.6604 0.0081 0.0042
403 0.4483 0.6629 0.0081 0.0042
403 0.4615 0.6517 0.0081 0.0042
403 0.4491 0.6487 0.0081 0.0042
403 0.4750 0.6411 0.0081 0.0042
403 0.4626 0.6373 0.0081 0.0042
403 0.4873 0.6329 0.0081 0.0042
403 0.4756 0.6271 0.0081 0.0042
403 0.4908 0.6187 0.0081 0.0042
403 0.5026 0.6252 0.0081 0.0042
403 0.5025 0.6122 0.0081 0.0042
403 0.5149 0.6058 0.0081 0.0042
403 0.5304 0.5990 0.0081 0.0042
403 0.8397 0.4142 0.0081 0.0042
403 0.8360 0.4102 0.0081 0.0042
403 0.8351 0.4054 0.0081 0.0042
403 0.8388 0.4009 0.0081 0.0042
403 0.8468 0.3972 0.0081 0.0042
403 0.8563 0.3960 0.0081 0.0042
403 0.8638 0.3967 0.0081 0.0042
403 0.8721 0.3996 0.0081 0.0042
403 0.8766 0.4033 0.0081 0.0042
403 0.8772 0.4081 0.0081 0.0042
403 0.8747 0.4125 0.0081 0.0042
403 0.8850 0.3761 0.0081 0.0042
403 0.8782 0.3730 0.0081 0.0042
392 0.5999 0.8524 0.0054 0.0028
392 0.6021 0.8560 0.0054 0.0028
392 0.6062 0.8595 0.0054 0.0028
392 0.5972 0.8731 0.0054 0.0028
392 0.5986 0.8775 0.0054 0.0028
392 0.6020 0.8818 0.0054 0.0028
392 0.6436 0.8337 0.0054 0.0028
392 0.6473 0.8308 0.0054 0.0028
392 0.6489 0.8259 0.0054 0.0028
392 0.6467 0.8223 0.0054 0.0028
392 0.7180 0.8216 0.0054 0.0028
392 0.7198 0.8172 0.0054 0.0028
392 0.7189 0.8122 0.0054 0.0028
392 0.7168 0.8074 0.0054 0.0028
392 0.7155 0.8031 0.0054 0.0028
392 0.7125 0.7991 0.0054 0.0028
392 0.7108 0.7956 0.0054 0.0028
392 0.7072 0.7909 0.0054 0.0028
392 0.7035 0.7867 0.0054 0.0028
392 0.7006 0.7831 0.0054 0.0028
392 0.6959 0.7787 0.0054 0.0028
392 0.6926 0.7748 0.0054 0.0028
392 0.6884 0.7709 0.0054 0.0028
392 0.6836 0.7669 0.0054 0.0028
392 0.6800 0.7631 0.0054 0.0028
392 0.6749 0.7589 0.0054 0.0028
392 0.6693 0.7548 0.0054 0.0028
392 0.6636 0.7506 0.0054 0.0028
392 0.6581 0.7464 0.0054 0.0028
392 0.6525 0.7423 0.0054 0.0028
392 0.6478 0.7380 0.0054 0.0028
392 0.6428 0.7340 0.0054 0.0028
392 0.6388 0.7307 0.0054 0.0028
392 0.6336 0.7269 0.0054 0.0028
392 0.6301 0.7237 0.0054 0.0028
392 0.5727 0.7045 0.0054 0.0028
392 0.5748 0.7082 0.0054 0.0028
392 0.5807 0.7113 0.0054 0.0028
392 0.5867 0.7137 0.0054 0.0028
392 0.5945 0.7151 0.0054 0.0028
392 0.6031 0.7158 0.0054 0.0028
392 0.6292 0.7183 0.0054 0.0028
392 0.6382 0.7182 0.0054 0.0028
392 0.6461 0.7180 0.0054 0.0028
392 0.6549 0.7171 0.0054 0.0028
392 0.6622 0.7151 0.0054 0.0028
392 0.6688 0.7128 0.0054 0.0028
392 0.6755 0.7101 0.0054 0.0028
392 0.6801 0.7064 0.0054 0.0028
392 0.5893 0.7199 0.0054 0.0028
392 0.5821 0.7223 0.0054 0.0028
392 0.5752 0.7249 0.0054 0.0028
392 0.5685 0.7275 0.0054 0.0028
392 0.5614 0.7300 0.0054 0.0028
392 0.5546 0.7330 0.0054 0.0028
392 0.5491 0.7350 0.0054 0.0028
392 0.5433 0.7373 0.0054 0.0028
392 0.5379 0.7394 0.0054 0.0028
392 0.5329 0.7418 0.0054 0.0028
392 0.5283 0.7443 0.0054 0.0028
392 0.5223 0.7468 0.0054 0.0028
392 0.5166 0.7492 0.0054 0.0028
392 0.5100 0.7523 0.0054 0.0028
392 0.5036 0.7555 0.0054 0.0028
392 0.4978 0.7589 0.0054 0.0028
392 0.4920 0.7625 0.0054 0.0028
392 0.4867 0.7664 0.0054 0.0028
392 0.4826 0.7703 0.0054 0.0028
392 0.0408 0.6799 0.0054 0.0028
392 0.0431 0.6764 0.0054 0.0028
392 0.0459 0.6733 0.0054 0.0028
392 0.0483 0.6704 0.0054 0.0028
392 0.0505 0.6679 0.0054 0.0028
392 0.0536 0.6649 0.0054 0.0028
392 0.0709 0.6500 0.0054 0.0028
392 0.0742 0.6470 0.0054 0.0028
392 0.0777 0.6444 0.0054 0.0028
392 0.0816 0.6411 0.0054 0.0028
392 0.0846 0.6384 0.0054 0.0028
392 0.0872 0.6353 0.0054 0.0028
392 0.0908 0.6325 0.0054 0.0028
392 0.0954 0.6294 0.0054 0.0028
392 0.0996 0.6269 0.0054 0.0028
392 0.1047 0.6244 0.0054 0.0028
392 0.1086 0.6212 0.0054 0.0028
392 0.1124 0.6186 0.0054 0.0028
392 0.1165 0.6162 0.0054 0.0028
392 0.1216 0.6138 0.0054 0.0028
392 0.1251 0.6115 0.0054 0.0028
392 0.1290 0.6093 0.0054 0.0028
392 0.1337 0.6065 0.0054 0.0028
392 0.1380 0.6046 0.0054 0.0028
392 0.1410 0.6024 0.0054 0.0028
392 0.1460 0.6003 0.0054 0.0028
392 0.1497 0.5982 0.0054 0.0028
392 0.1544 0.5962 0.0054 0.0028
392 0.1593 0.5937 0.0054 0.0028
392 0.1632 0.5911 0.0054 0.0028
392 0.1701 0.5902 0.0054 0.0028
392 0.1554 0.5911 0.0054 0.0028
392 0.1483 0.5912 0.0054 0.0028
392 0.1419 0.5911 0.0054 0.0028
392 0.1338 0.5912 0.0054 0.0028
392 0.1260 0.5912 0.0054 0.0028
392 0.1186 0.5911 0.0054 0.0028
392 0.6547 0.5927 0.0054 0.0028
392 0.6618 0.5953 0.0054 0.0028
392 0.6688 0.5982 0.0054 0.0028
392 0.6476 0.5910 0.0054 0.0028
392 0.6758 0.6002 0.0054 0.0028
392 0.6809 0.6029 0.0054 0.0028
392 0.6871 0.6056 0.0054 0.0028
392 0.6927 0.6085 0.0054 0.0028
392 0.6969 0.6110 0.0054 0.0028
392 0.7028 0.6142 0.0054 0.0028
392 0.7070 0.6170 0.0054 0.0028
392 0.7131 0.6205 0.0054 0.0028
392 0.7186 0.6241 0.0054 0.0028
392 0.7483 0.6453 0.0054 0.0028
392 0.7522 0.6484 0.0054 0.0028
392 0.7559 0.6518 0.0054 0.0028
392 0.7601 0.6557 0.0054 0.0028
392 0.7645 0.6593 0.0054 0.0028
392 0.7689 0.6629 0.0054 0.0028
392 0.7722 0.6665 0.0054 0.0028
392 0.7752 0.6697 0.0054 0.0028
392 0.7783 0.6730 0.0054 0.0028
392 0.7808 0.6766 0.0054 0.0028
599 0.7875 0.6744 0.0054 0.0028
599 0.7834 0.6680 0.0054 0.0028
599 0.7799 0.6648 0.0054 0.0028
599 0.7769 0.6616 0.0054 0.0028
599 0.7733 0.6587 0.0054 0.0028
599 0.7697 0.6555 0.0054 0.0028
599 0.7661 0.6527 0.0054 0.0028
599 0.7631 0.6497 0.0054 0.0028
599 0.7605 0.6468 0.0054 0.0028
599 0.7859 0.6653 0.0054 0.0028
599 0.7864 0.6616 0.0054 0.0028
599 0.7858 0.6584 0.0054 0.0028
599 0.7861 0.6549 0.0054 0.0028
599 0.7855 0.6507 0.0054 0.0028
599 0.7319 0.6265 0.0054 0.0028
599 0.7288 0.6239 0.0054 0.0028
599 0.7240 0.6216 0.0054 0.0028
599 0.7213 0.6188 0.0054 0.0028
599 0.7172 0.6165 0.0054 0.0028
599 0.7141 0.6138 0.0054 0.0028
599 0.7093 0.6113 0.0054 0.0028
599 0.7054 0.6090 0.0054 0.0028
599 0.7006 0.6064 0.0054 0.0028
599 0.6958 0.6041 0.0054 0.0028
599 0.6913 0.6021 0.0054 0.0028
599 0.6871 0.6000 0.0054 0.0028
599 0.6828 0.5975 0.0054 0.0028
599 0.6732 0.5928 0.0054 0.0028
599 0.6788 0.5933 0.0054 0.0028
599 0.6849 0.5932 0.0054 0.0028
599 0.6909 0.5933 0.0054 0.0028
599 0.7020 0.5937 0.0054 0.0028
599 0.7081 0.5937 0.0054 0.0028
599 0.7861 0.6134 0.0054 0.0028
599 0.7854 0.6200 0.0054 0.0028
599 0.7852 0.6464 0.0054 0.0028
599 0.0424 0.6645 0.0054 0.0028
599 0.0453 0.6627 0.0054 0.0028
599 0.0468 0.6607 0.0054 0.0028
599 0.0481 0.6587 0.0054 0.0028
599 0.0504 0.6565 0.0054 0.0028
599 0.0527 0.6553 0.0054 0.0028
599 0.0540 0.6528 0.0054 0.0028
599 0.0592 0.6496 0.0054 0.0028
599 0.0600 0.6473 0.0054 0.0028
599 0.0621 0.6454 0.0054 0.0028
599 0.0666 0.6429 0.0054 0.0028
599 0.0686 0.6398 0.0054 0.0028
599 0.0732 0.6365 0.0054 0.0028
599 0.0752 0.6346 0.0054 0.0028
599 0.0777 0.6330 0.0054 0.0028
599 0.0793 0.6309 0.0054 0.0028
599 0.0815 0.6290 0.0054 0.0028
599 0.0852 0.6273 0.0054 0.0028
599 0.0868 0.6253 0.0054 0.0028
599 0.0951 0.6197 0.0054 0.0028
599 0.1026 0.6152 0.0054 0.0028
599 0.1044 0.6135 0.0054 0.0028
599 0.1103 0.6106 0.0054 0.0028
599 0.1131 0.6091 0.0054 0.0028
599 0.1163 0.6077 0.0054 0.0028
599 0.1190 0.6064 0.0054 0.0028
599 0.1214 0.6049 0.0054 0.0028
599 0.1235 0.6034 0.0054 0.0028
599 0.1259 0.6022 0.0054 0.0028
599 0.1296 0.6006 0.0054 0.0028
599 0.1322 0.5994 0.0054 0.0028
599 0.1366 0.5977 0.0054 0.0028
599 0.1326 0.5963 0.0054 0.0028
599 0.1283 0.5960 0.0054 0.0028
599 0.1198 0.5963 0.0054 0.0028
599 0.1141 0.5964 0.0054 0.0028
599 0.1103 0.5965 0.0054 0.0028
599 0.1055 0.5966 0.0054 0.0028
599 0.1021 0.5966 0.0054 0.0028
599 0.0972 0.5966 0.0054 0.0028
599 0.0914 0.5966 0.0054 0.0028
599 0.0877 0.5968 0.0054 0.0028
599 0.0828 0.5968 0.0054 0.0028
599 0.0789 0.5966 0.0054 0.0028
599 0.0736 0.5969 0.0054 0.0028
599 0.0690 0.5970 0.0054 0.0028
599 0.0645 0.5970 0.0054 0.0028
599 0.0596 0.5972 0.0054 0.0028
599 0.0550 0.5976 0.0054 0.0028
599 0.0494 0.5970 0.0054 0.0028
599 0.0452 0.5971 0.0054 0.0028
599 0.0406 0.5970 0.0054 0.0028
606 0.5595 0.3618 0.0158 0.0081
606 0.5503 0.3525 0.0158 0.0081
606 0.5441 0.3446 0.0158 0.0081
606 0.5432 0.3359 0.0158 0.0081
606 0.5461 0.3276 0.0158 0.0081
606 0.5520 0.3201 0.0158 0.0081
606 0.5601 0.3136 0.0158 0.0081
606 0.5724 0.3079 0.0158 0.0081
606 0.5841 0.3043 0.0158 0.0081
606 0.6001 0.3013 0.0158 0.0081
606 0.6160 0.3013 0.0158 0.0081
606 0.6318 0.3028 0.0158 0.0081
606 0.6485 0.3059 0.0158 0.0081
606 0.6636 0.3109 0.0158 0.0081
606 0.6760 0.3188 0.0158 0.0081
606 0.6827 0.3278 0.0158 0.0081
606 0.6850 0.3372 0.0158 0.0081
631 0.1636 0.3697 0.0158 0.0081
631 0.1526 0.3621 0.0158 0.0081
631 0.1429 0.3534 0.0158 0.0081
631 0.1381 0.3438 0.0158 0.0081
631 0.1398 0.3350 0.0158 0.0081
631 0.1462 0.3261 0.0158 0.0081
631 0.1537 0.3188 0.0158 0.0081
631 0.1681 0.3130 0.0158 0.0081
631 0.1872 0.3074 0.0158 0.0081
631 0.2103 0.3056 0.0158 0.0081
631 0.2275 0.3073 0.0158 0.0081
631 0.2420 0.3114 0.0158 0.0081
631 0.2581 0.3174 0.0158 0.0081
631 0.2683 0.3255 0.0158 0.0081
631 0.2741 0.3347 0.0158 0.0081
631 0.2746 0.3436 0.0158 0.0081
631 0.2708 0.3525 0.0158 0.0081
