644 0.4400 0.2683 0.0063 0.0040
644 0.4374 0.2669 0.0063 0.0040
644 0.4347 0.2652 0.0063 0.0040
644 0.4321 0.2637 0.0063 0.0040
644 0.4300 0.2618 0.0063 0.0040
644 0.4275 0.2603 0.0063 0.0040
644 0.4249 0.2587 0.0063 0.0040
644 0.3974 0.2317 0.0063 0.0040
644 0.3962 0.2291 0.0063 0.0040
644 0.3947 0.2269 0.0063 0.0040
644 0.3940 0.2220 0.0063 0.0040
644 0.3931 0.2204 0.0063 0.0040
644 0.3916 0.2182 0.0063 0.0040
644 0.3918 0.2158 0.0063 0.0040
644 0.3911 0.2131 0.0063 0.0040
644 0.3910 0.2108 0.0063 0.0040
644 0.3904 0.2083 0.0063 0.0040
644 0.3902 0.2062 0.0063 0.0040
644 0.3900 0.2031 0.0063 0.0040
644 0.3895 0.2010 0.0063 0.0040
644 0.3893 0.1982 0.0063 0.0040
644 0.3899 0.1962 0.0063 0.0040
644 0.3902 0.1941 0.0063 0.0040
644 0.3900 0.1913 0.0063 0.0040
644 0.3920 0.1893 0.0063 0.0040
644 0.3924 0.1872 0.0063 0.0040
644 0.3923 0.1847 0.0063 0.0040
644 0.3934 0.1821 0.0063 0.0040
644 0.3947 0.1795 0.0063 0.0040
644 0.4233 0.1476 0.0063 0.0040
644 0.4261 0.1458 0.0063 0.0040
644 0.4285 0.1440 0.0063 0.0040
644 0.4309 0.1422 0.0063 0.0040
644 0.4337 0.1409 0.0063 0.0040
644 0.4365 0.1393 0.0063 0.0040
644 0.4397 0.1372 0.0063 0.0040
644 0.4428 0.1356 0.0063 0.0040
644 0.4460 0.1340 0.0063 0.0040
644 0.4488 0.1328 0.0063 0.0040
644 0.4521 0.1315 0.0063 0.0040
644 0.4559 0.1301 0.0063 0.0040
644 0.4597 0.1289 0.0063 0.0040
644 0.4620 0.1274 0.0063 0.0040
644 0.4656 0.1262 0.0063 0.0040
644 0.4688 0.1251 0.0063 0.0040
644 0.4729 0.1240 0.0063 0.0040
644 0.4760 0.1230 0.0063 0.0040
644 0.4806 0.1222 0.0063 0.0040
644 0.4839 0.1212 0.0063 0.0040
644 0.4880 0.1206 0.0063 0.0040
644 0.4915 0.1200 0.0063 0.0040
644 0.4946 0.1195 0.0063 0.0040
644 0.4985 0.1191 0.0063 0.0040
644 0.5024 0.1185 0.0063 0.0040
644 0.5054 0.1182 0.0063 0.0040
644 0.5087 0.1176 0.0063 0.0040
644 0.5122 0.1175 0.0063 0.0040
644 0.5157 0.1171 0.0063 0.0040
644 0.5195 0.1168 0.0063 0.0040
644 0.5226 0.1165 0.0063 0.0040
644 0.5258 0.1164 0.0063 0.0040
644 0.5293 0.1167 0.0063 0.0040
644 0.5332 0.1169 0.0063 0.0040
644 0.5366 0.1169 0.0063 0.0040
644 0.5404 0.1171 0.0063 0.0040
644 0.5446 0.1176 0.0063 0.0040
644 0.5485 0.1179 0.0063 0.0040
644 0.5519 0.1186 0.0063 0.0040
644 0.5560 0.1192 0.0063 0.0040
644 0.5597 0.1201 0.0063 0.0040
644 0.5628 0.1209 0.0063 0.0040
644 0.5665 0.1216 0.0063 0.0040
644 0.5705 0.1221 0.0063 0.0040
644 0.5745 0.1230 0.0063 0.0040
644 0.5778 0.1234 0.0063 0.0040
644 0.5815 0.1244 0.0063 0.0040
644 0.5848 0.1257 0.0063 0.0040
644 0.5881 0.1268 0.0063 0.0040
644 0.5920 0.1278 0.0063 0.0040
644 0.5953 0.1289 0.0063 0.0040
644 0.5979 0.1301 0.0063 0.0040
644 0.6005 0.1315 0.0063 0.0040
644 0.6039 0.1331 0.0063 0.0040
644 0.6067 0.1338 0.0063 0.0040
644 0.6096 0.1353 0.0063 0.0040
644 0.6145 0.1379 0.0063 0.0040
644 0.6181 0.1390 0.0063 0.0040
644 0.6200 0.1408 0.0063 0.0040
644 0.6225 0.1427 0.0063 0.0040
644 0.6244 0.1441 0.0063 0.0040
644 0.6267 0.1454 0.0063 0.0040
644 0.6293 0.1472 0.0063 0.0040
644 0.6315 0.1491 0.0063 0.0040
644 0.6576 0.1910 0.0063 0.0040
644 0.6585 0.1938 0.0063 0.0040
644 0.6589 0.1961 0.0063 0.0040
644 0.6587 0.1986 0.0063 0.0040
644 0.6596 0.2005 0.0063 0.0040
644 0.6594 0.2030 0.0063 0.0040
644 0.6596 0.2055 0.0063 0.0040
644 0.6593 0.2083 0.0063 0.0040
644 0.6588 0.2104 0.0063 0.0040
644 0.6589 0.2132 0.0063 0.0040
644 0.6576 0.2156 0.0063 0.0040
644 0.6548 0.2229 0.0063 0.0040
644 0.6542 0.2254 0.0063 0.0040
644 0.6528 0.2280 0.0063 0.0040
644 0.6518 0.2299 0.0063 0.0040
644 0.6496 0.2343 0.0063 0.0040
644 0.6480 0.2366 0.0063 0.0040
644 0.6459 0.2385 0.0063 0.0040
644 0.6431 0.2427 0.0063 0.0040
644 0.6422 0.2448 0.0063 0.0040
644 0.6395 0.2465 0.0063 0.0040
644 0.6374 0.2486 0.0063 0.0040
644 0.6345 0.2510 0.0063 0.0040
644 0.6328 0.2529 0.0063 0.0040
644 0.6306 0.2547 0.0063 0.0040
644 0.6277 0.2567 0.0063 0.0040
644 0.6246 0.2587 0.0063 0.0040
644 0.6224 0.2610 0.0063 0.0040
644 0.6206 0.2627 0.0063 0.0040
644 0.6173 0.2646 0.0063 0.0040
649 0.5991 0.2522 0.0063 0.0040
649 0.6035 0.2485 0.0063 0.0040
649 0.6012 0.2394 0.0063 0.0040
649 0.6166 0.2374 0.0063 0.0040
649 0.6191 0.2467 0.0063 0.0040
649 0.6207 0.2338 0.0063 0.0040
649 0.6336 0.2299 0.0063 0.0040
649 0.6263 0.2213 0.0063 0.0040
649 0.6141 0.2257 0.0063 0.0040
649 0.6203 0.2340 0.0063 0.0040
649 0.6219 0.1723 0.0063 0.0040
649 0.6256 0.1635 0.0063 0.0040
649 0.6106 0.1613 0.0063 0.0040
649 0.6070 0.1699 0.0063 0.0040
649 0.6066 0.1574 0.0063 0.0040
649 0.5916 0.1577 0.0063 0.0040
649 0.5906 0.1487 0.0063 0.0040
649 0.6059 0.1478 0.0063 0.0040
649 0.5842 0.1457 0.0063 0.0040
649 0.5697 0.1481 0.0063 0.0040
649 0.5635 0.1392 0.0063 0.0040
649 0.5796 0.1365 0.0063 0.0040
649 0.4778 0.1428 0.0063 0.0040
649 0.4628 0.1402 0.0063 0.0040
649 0.4608 0.1491 0.0063 0.0040
649 0.4749 0.1511 0.0063 0.0040
649 0.4549 0.1522 0.0063 0.0040
649 0.4405 0.1615 0.0063 0.0040
649 0.4553 0.1613 0.0063 0.0040
649 0.4411 0.1517 0.0063 0.0040
649 0.4346 0.1667 0.0063 0.0040
649 0.4386 0.1762 0.0063 0.0040
649 0.4398 0.2431 0.0063 0.0040
649 0.4545 0.2434 0.0063 0.0040
649 0.4549 0.2532 0.0063 0.0040
649 0.4407 0.2534 0.0063 0.0040
69 0.8959 0.9923 0.0089 0.0056
69 0.8971 0.9870 0.0089 0.0056
69 0.8974 0.9815 0.0089 0.0056
69 0.8974 0.9764 0.0089 0.0056
69 0.8980 0.9709 0.0089 0.0056
69 0.2848 0.7069 0.0089 0.0056
69 0.2844 0.7315 0.0089 0.0056
69 0.2863 0.7364 0.0089 0.0056
69 0.2890 0.7419 0.0089 0.0056
69 0.2821 0.7459 0.0089 0.0056
69 0.2735 0.7462 0.0089 0.0056
69 0.2651 0.7475 0.0089 0.0056
69 0.2568 0.7499 0.0089 0.0056
69 0.2489 0.7511 0.0089 0.0056
69 0.2413 0.7531 0.0089 0.0056
69 0.2335 0.7549 0.0089 0.0056
69 0.2261 0.7564 0.0089 0.0056
69 0.2185 0.7585 0.0089 0.0056
69 0.2106 0.7603 0.0089 0.0056
69 0.2046 0.7639 0.0089 0.0056
69 0.1978 0.7673 0.0089 0.0056
69 0.1925 0.7708 0.0089 0.0056
69 0.1862 0.7743 0.0089 0.0056
69 0.1812 0.7790 0.0089 0.0056
69 0.1752 0.7827 0.0089 0.0056
69 0.1706 0.7874 0.0089 0.0056
69 0.1665 0.7926 0.0089 0.0056
69 0.1631 0.7975 0.0089 0.0056
69 0.1599 0.8022 0.0089 0.0056
69 0.1685 0.8079 0.0089 0.0056
69 0.1730 0.8109 0.0089 0.0056
69 0.1701 0.8159 0.0089 0.0056
69 0.1683 0.8212 0.0089 0.0056
69 0.1674 0.8264 0.0089 0.0056
69 0.1664 0.8319 0.0089 0.0056
69 0.1653 0.8370 0.0089 0.0056
69 0.1648 0.8426 0.0089 0.0056
69 0.1638 0.8479 0.0089 0.0056
69 0.1641 0.8535 0.0089 0.0056
69 0.1614 0.8584 0.0089 0.0056
69 0.1530 0.8581 0.0089 0.0056
69 0.1449 0.8580 0.0089 0.0056
69 0.1370 0.8578 0.0089 0.0056
69 0.1290 0.8593 0.0089 0.0056
69 0.1279 0.8644 0.0089 0.0056
69 0.1286 0.8697 0.0089 0.0056
69 0.1291 0.8753 0.0089 0.0056
69 0.1292 0.8806 0.0089 0.0056
69 0.1286 0.8862 0.0089 0.0056
69 0.1277 0.8919 0.0089 0.0056
69 0.1306 0.8971 0.0089 0.0056
69 0.1397 0.8976 0.0089 0.0056
69 0.1478 0.8980 0.0089 0.0056
69 0.1564 0.8985 0.0089 0.0056
69 0.1586 0.9034 0.0089 0.0056
69 0.1569 0.9088 0.0089 0.0056
69 0.1556 0.9141 0.0089 0.0056
69 0.1554 0.9197 0.0089 0.0056
69 0.1554 0.9246 0.0089 0.0056
69 0.1549 0.9302 0.0089 0.0056
69 0.1542 0.9355 0.0089 0.0056
69 0.1489 0.9383 0.0089 0.0056
69 0.1427 0.9427 0.0089 0.0056
69 0.1409 0.9478 0.0089 0.0056
69 0.1396 0.9533 0.0089 0.0056
69 0.1377 0.9588 0.0089 0.0056
69 0.1360 0.9639 0.0089 0.0056
69 0.1350 0.9689 0.0089 0.0056
69 0.1293 0.9715 0.0089 0.0056
69 0.1291 0.9767 0.0089 0.0056
69 0.1279 0.9823 0.0089 0.0056
69 0.1280 0.9879 0.0089 0.0056
69 0.1269 0.9931 0.0089 0.0056
69 0.5994 0.7156 0.0089 0.0056
69 0.5927 0.7134 0.0089 0.0056
69 0.5960 0.7034 0.0089 0.0056
69 0.6040 0.7050 0.0089 0.0056
69 0.6065 0.7106 0.0089 0.0056
69 0.5906 0.7078 0.0089 0.0056
69 0.6200 0.6799 0.0089 0.0056
69 0.6244 0.6748 0.0089 0.0056
69 0.6330 0.6746 0.0089 0.0056
69 0.6378 0.6796 0.0089 0.0056
69 0.6330 0.6849 0.0089 0.0056
69 0.6244 0.6848 0.0089 0.0056
69 0.6382 0.6505 0.0089 0.0056
69 0.6301 0.6465 0.0089 0.0056
69 0.6308 0.6411 0.0089 0.0056
69 0.6374 0.6370 0.0089 0.0056
69 0.6452 0.6406 0.0089 0.0056
69 0.6457 0.6465 0.0089 0.0056
69 0.6263 0.6132 0.0089 0.0056
69 0.6298 0.6080 0.0089 0.0056
69 0.6257 0.6026 0.0089 0.0056
69 0.6161 0.6018 0.0089 0.0056
69 0.6127 0.6072 0.0089 0.0056
69 0.6180 0.6123 0.0089 0.0056
69 0.5842 0.5868 0.0089 0.0056
69 0.5929 0.5840 0.0089 0.0056
69 0.5925 0.5794 0.0089 0.0056
69 0.5852 0.5753 0.0089 0.0056
69 0.5758 0.5774 0.0089 0.0056
69 0.5768 0.5830 0.0089 0.0056
69 0.5442 0.5683 0.0089 0.0056
69 0.5372 0.5630 0.0089 0.0056
69 0.5276 0.5654 0.0089 0.0056
69 0.5348 0.5713 0.0089 0.0056
69 0.4894 0.5701 0.0089 0.0056
69 0.4890 0.5640 0.0089 0.0056
69 0.4795 0.5617 0.0089 0.0056
69 0.4726 0.5679 0.0089 0.0056
69 0.4804 0.5723 0.0089 0.0056
69 0.4396 0.5749 0.0089 0.0056
69 0.4310 0.5758 0.0089 0.0056
69 0.4296 0.5813 0.0089 0.0056
69 0.3992 0.5961 0.0089 0.0056
69 0.3917 0.6000 0.0089 0.0056
69 0.3962 0.6058 0.0089 0.0056
69 0.3801 0.6280 0.0089 0.0056
69 0.3716 0.6301 0.0089 0.0056
69 0.3690 0.6357 0.0089 0.0056
69 0.3719 0.6409 0.0089 0.0056
69 0.3817 0.6419 0.0089 0.0056
69 0.3793 0.6638 0.0089 0.0056
69 0.3882 0.6668 0.0089 0.0056
69 0.3725 0.6684 0.0089 0.0056
69 0.3744 0.6751 0.0089 0.0056
69 0.3835 0.6769 0.0089 0.0056
69 0.3902 0.6730 0.0089 0.0056
69 0.4027 0.6982 0.0089 0.0056
69 0.4114 0.6981 0.0089 0.0056
69 0.4164 0.7033 0.0089 0.0056
69 0.4128 0.7088 0.0089 0.0056
69 0.4037 0.7080 0.0089 0.0056
69 0.3989 0.7035 0.0089 0.0056
69 0.4469 0.2434 0.0089 0.0056
69 0.4538 0.2485 0.0089 0.0056
69 0.4471 0.2536 0.0089 0.0056
69 0.4399 0.2483 0.0089 0.0056
69 0.4314 0.1779 0.0089 0.0056
69 0.4279 0.1690 0.0089 0.0056
69 0.4358 0.1724 0.0089 0.0056
69 0.4476 0.1620 0.0089 0.0056
69 0.4398 0.1573 0.0089 0.0056
69 0.4549 0.1567 0.0089 0.0056
69 0.4482 0.1530 0.0089 0.0056
69 0.4674 0.1504 0.0089 0.0056
69 0.4617 0.1448 0.0089 0.0056
69 0.4700 0.1414 0.0089 0.0056
69 0.4753 0.1468 0.0089 0.0056
69 0.5720 0.1378 0.0089 0.0056
69 0.5806 0.1416 0.0089 0.0056
69 0.5760 0.1472 0.0089 0.0056
69 0.5656 0.1436 0.0089 0.0056
69 0.5985 0.1475 0.0089 0.0056
69 0.6057 0.1530 0.0089 0.0056
69 0.5985 0.1581 0.0089 0.0056
69 0.5908 0.1528 0.0089 0.0056
69 0.6176 0.1622 0.0089 0.0056
69 0.6090 0.1653 0.0089 0.0056
69 0.6231 0.1680 0.0089 0.0056
69 0.6144 0.1710 0.0089 0.0056
69 0.6293 0.2260 0.0089 0.0056
69 0.6211 0.2243 0.0089 0.0056
69 0.6170 0.2297 0.0089 0.0056
69 0.6271 0.2320 0.0089 0.0056
69 0.6090 0.2385 0.0089 0.0056
69 0.6177 0.2424 0.0089 0.0056
69 0.6113 0.2476 0.0089 0.0056
69 0.6032 0.2436 0.0089 0.0056
69 0.5905 0.2523 0.0089 0.0056
69 0.5982 0.2573 0.0089 0.0056
69 0.3054 0.6620 0.0089 0.0056
69 0.3092 0.6568 0.0089 0.0056
69 0.3130 0.6525 0.0089 0.0056
69 0.3169 0.6487 0.0089 0.0056
69 0.3207 0.6449 0.0089 0.0056
69 0.3264 0.6404 0.0089 0.0056
69 0.3307 0.6362 0.0089 0.0056
69 0.3370 0.6316 0.0089 0.0056
69 0.3440 0.6272 0.0089 0.0056
69 0.3504 0.6229 0.0089 0.0056
69 0.3564 0.6188 0.0089 0.0056
69 0.3623 0.6147 0.0089 0.0056
69 0.3705 0.6106 0.0089 0.0056
69 0.6410 0.6005 0.0089 0.0056
69 0.6483 0.6038 0.0089 0.0056
69 0.6555 0.6074 0.0089 0.0056
69 0.6626 0.6115 0.0089 0.0056
69 0.6698 0.6154 0.0089 0.0056
69 0.6768 0.6203 0.0089 0.0056
69 0.6829 0.6240 0.0089 0.0056
69 0.6886 0.6284 0.0089 0.0056
69 0.6939 0.6332 0.0089 0.0056
69 0.6991 0.6380 0.0089 0.0056
69 0.7046 0.6433 0.0089 0.0056
69 0.7092 0.6488 0.0089 0.0056
69 0.7137 0.6541 0.0089 0.0056
69 0.7170 0.6596 0.0089 0.0056
69 0.7213 0.6647 0.0089 0.0056
69 0.7252 0.6703 0.0089 0.0056
69 0.7284 0.6755 0.0089 0.0056
69 0.7323 0.6812 0.0089 0.0056
69 0.7345 0.6878 0.0089 0.0056
69 0.7369 0.6935 0.0089 0.0056
69 0.7384 0.6986 0.0089 0.0056
69 0.7398 0.7040 0.0089 0.0056
69 0.7414 0.7098 0.0089 0.0056
69 0.7435 0.7161 0.0089 0.0056
69 0.7445 0.7225 0.0089 0.0056
69 0.7458 0.7286 0.0089 0.0056
69 0.7471 0.7344 0.0089 0.0056
69 0.7528 0.7384 0.0089 0.0056
69 0.7615 0.7394 0.0089 0.0056
69 0.7694 0.7401 0.0089 0.0056
69 0.7790 0.7411 0.0089 0.0056
69 0.7870 0.7427 0.0089 0.0056
69 0.7945 0.7458 0.0089 0.0056
69 0.8017 0.7484 0.0089 0.0056
69 0.8097 0.7505 0.0089 0.0056
69 0.8182 0.7530 0.0089 0.0056
69 0.8261 0.7554 0.0089 0.0056
69 0.8335 0.7583 0.0089 0.0056
69 0.8406 0.7620 0.0089 0.0056
69 0.8466 0.7665 0.0089 0.0056
69 0.8513 0.7712 0.0089 0.0056
233 0.6301 0.1904 0.0081 0.0051
233 0.6436 0.1995 0.0081 0.0051
233 0.6306 0.2086 0.0081 0.0051
233 0.6199 0.1995 0.0081 0.0051
233 0.5175 0.1276 0.0081 0.0051
233 0.5321 0.1353 0.0081 0.0051
233 0.5048 0.1364 0.0081 0.0051
233 0.5188 0.1426 0.0081 0.0051
233 0.4295 0.2077 0.0081 0.0051
233 0.4040 0.2079 0.0081 0.0051
376 0.3955 0.6924 0.0103 0.0065
376 0.3983 0.6859 0.0103 0.0065
376 0.3859 0.6902 0.0103 0.0065
376 0.3892 0.6841 0.0103 0.0065
376 0.3781 0.6570 0.0103 0.0065
376 0.3704 0.6530 0.0103 0.0065
376 0.3842 0.6521 0.0103 0.0065
376 0.3768 0.6482 0.0103 0.0065
376 0.3835 0.6210 0.0103 0.0065
376 0.3812 0.6141 0.0103 0.0065
376 0.3893 0.6118 0.0103 0.0065
376 0.3927 0.6185 0.0103 0.0065
376 0.4098 0.5928 0.0103 0.0065
376 0.4193 0.5930 0.0103 0.0065
376 0.4105 0.5869 0.0103 0.0065
376 0.4202 0.5860 0.0103 0.0065
376 0.4502 0.5735 0.0103 0.0065
376 0.4594 0.5753 0.0103 0.0065
376 0.4620 0.5694 0.0103 0.0065
376 0.4537 0.5682 0.0103 0.0065
376 0.5021 0.5659 0.0103 0.0065
376 0.5081 0.5616 0.0103 0.0065
376 0.5163 0.5647 0.0103 0.0065
376 0.5110 0.5693 0.0103 0.0065
376 0.5536 0.5705 0.0103 0.0065
376 0.5640 0.5677 0.0103 0.0065
376 0.5575 0.5755 0.0103 0.0065
376 0.5667 0.5736 0.0103 0.0065
376 0.6108 0.5954 0.0103 0.0065
376 0.6305 0.6202 0.0103 0.0065
376 0.6386 0.6236 0.0103 0.0065
376 0.6265 0.6258 0.0103 0.0065
376 0.6344 0.6294 0.0103 0.0065
376 0.6377 0.6573 0.0103 0.0065
376 0.6301 0.6612 0.0103 0.0065
376 0.6436 0.6626 0.0103 0.0065
376 0.6353 0.6669 0.0103 0.0065
376 0.6200 0.6917 0.0103 0.0065
376 0.6093 0.6939 0.0103 0.0065
376 0.6219 0.6980 0.0103 0.0065
376 0.6115 0.6995 0.0103 0.0065
376 0.4466 0.2485 0.0103 0.0065
376 0.4293 0.1734 0.0103 0.0065
376 0.4476 0.1566 0.0103 0.0065
376 0.4688 0.1455 0.0103 0.0065
376 0.5735 0.1424 0.0103 0.0065
376 0.5980 0.1527 0.0103 0.0065
376 0.6165 0.1663 0.0103 0.0065
376 0.6239 0.2278 0.0103 0.0065
376 0.6102 0.2424 0.0103 0.0065
376 0.5892 0.2574 0.0103 0.0065
183 0.1313 0.9966 0.0070 0.0044
183 0.1322 0.9915 0.0070 0.0044
183 0.1326 0.9860 0.0070 0.0044
183 0.1338 0.9799 0.0070 0.0044
183 0.1340 0.9751 0.0070 0.0044
183 0.1382 0.9724 0.0070 0.0044
183 0.1409 0.9674 0.0070 0.0044
183 0.1424 0.9621 0.0070 0.0044
183 0.1435 0.9571 0.0070 0.0044
183 0.1441 0.9525 0.0070 0.0044
183 0.1463 0.9475 0.0070 0.0044
183 0.1496 0.9424 0.0070 0.0044
183 0.1569 0.9392 0.0070 0.0044
183 0.1595 0.9339 0.0070 0.0044
183 0.1603 0.9281 0.0070 0.0044
183 0.1610 0.9227 0.0070 0.0044
183 0.1605 0.9172 0.0070 0.0044
183 0.1613 0.9122 0.0070 0.0044
183 0.1634 0.9068 0.0070 0.0044
183 0.1642 0.9017 0.0070 0.0044
183 0.1617 0.8975 0.0070 0.0044
183 0.1529 0.8955 0.0070 0.0044
183 0.1445 0.8957 0.0070 0.0044
183 0.1329 0.8950 0.0070 0.0044
183 0.1330 0.8896 0.0070 0.0044
183 0.1337 0.8846 0.0070 0.0044
183 0.1345 0.8788 0.0070 0.0044
183 0.1343 0.8729 0.0070 0.0044
183 0.1345 0.8676 0.0070 0.0044
183 0.1339 0.8610 0.0070 0.0044
183 0.1407 0.8614 0.0070 0.0044
183 0.1489 0.8618 0.0070 0.0044
183 0.1584 0.8625 0.0070 0.0044
183 0.1678 0.8582 0.0070 0.0044
183 0.1688 0.8513 0.0070 0.0044
183 0.1695 0.8463 0.0070 0.0044
183 0.1713 0.8351 0.0070 0.0044
183 0.1732 0.8251 0.0070 0.0044
183 0.1746 0.8194 0.0070 0.0044
183 0.1763 0.8140 0.0070 0.0044
183 0.1758 0.8069 0.0070 0.0044
183 0.1682 0.8050 0.0070 0.0044
183 0.1668 0.8013 0.0070 0.0044
183 0.1696 0.7971 0.0070 0.0044
183 0.1719 0.7918 0.0070 0.0044
183 0.1760 0.7874 0.0070 0.0044
183 0.1819 0.7836 0.0070 0.0044
183 0.1868 0.7795 0.0070 0.0044
183 0.1924 0.7756 0.0070 0.0044
183 0.1983 0.7722 0.0070 0.0044
183 0.2046 0.7691 0.0070 0.0044
183 0.2106 0.7658 0.0070 0.0044
183 0.2173 0.7629 0.0070 0.0044
183 0.2244 0.7609 0.0070 0.0044
183 0.2313 0.7591 0.0070 0.0044
183 0.2386 0.7577 0.0070 0.0044
183 0.2551 0.7539 0.0070 0.0044
183 0.2628 0.7523 0.0070 0.0044
183 0.2723 0.7504 0.0070 0.0044
183 0.2807 0.7496 0.0070 0.0044
183 0.2886 0.7491 0.0070 0.0044
183 0.2934 0.7466 0.0070 0.0044
183 0.3038 0.6709 0.0070 0.0044
183 0.3064 0.6662 0.0070 0.0044
183 0.3113 0.6616 0.0070 0.0044
183 0.3148 0.6567 0.0070 0.0044
183 0.3183 0.6530 0.0070 0.0044
183 0.3217 0.6490 0.0070 0.0044
183 0.3268 0.6446 0.0070 0.0044
183 0.3314 0.6407 0.0070 0.0044
183 0.3376 0.6363 0.0070 0.0044
183 0.3439 0.6319 0.0070 0.0044
183 0.3506 0.6273 0.0070 0.0044
183 0.3570 0.6229 0.0070 0.0044
183 0.3623 0.6188 0.0070 0.0044
183 0.6413 0.6049 0.0070 0.0044
183 0.6485 0.6087 0.0070 0.0044
183 0.6564 0.6128 0.0070 0.0044
183 0.6637 0.6160 0.0070 0.0044
183 0.6705 0.6201 0.0070 0.0044
183 0.6777 0.6244 0.0070 0.0044
183 0.6829 0.6294 0.0070 0.0044
183 0.6889 0.6340 0.0070 0.0044
183 0.6933 0.6379 0.0070 0.0044
183 0.6986 0.6424 0.0070 0.0044
183 0.7033 0.6476 0.0070 0.0044
183 0.7064 0.6533 0.0070 0.0044
183 0.7108 0.6588 0.0070 0.0044
183 0.7147 0.6642 0.0070 0.0044
183 0.7184 0.6692 0.0070 0.0044
183 0.7220 0.6749 0.0070 0.0044
183 0.7256 0.6798 0.0070 0.0044
183 0.7292 0.6858 0.0070 0.0044
183 0.7316 0.6916 0.0070 0.0044
183 0.7330 0.6969 0.0070 0.0044
183 0.7342 0.7028 0.0070 0.0044
183 0.7361 0.7079 0.0070 0.0044
183 0.7368 0.7140 0.0070 0.0044
183 0.7390 0.7202 0.0070 0.0044
183 0.7407 0.7265 0.0070 0.0044
183 0.7408 0.7315 0.0070 0.0044
183 0.7461 0.7394 0.0070 0.0044
183 0.7561 0.7417 0.0070 0.0044
183 0.7652 0.7431 0.0070 0.0044
183 0.7730 0.7437 0.0070 0.0044
183 0.7810 0.7448 0.0070 0.0044
183 0.7889 0.7471 0.0070 0.0044
183 0.7968 0.7499 0.0070 0.0044
183 0.8049 0.7527 0.0070 0.0044
183 0.8131 0.7548 0.0070 0.0044
183 0.8202 0.7568 0.0070 0.0044
183 0.8284 0.7598 0.0070 0.0044
183 0.8345 0.7628 0.0070 0.0044
183 0.8404 0.7667 0.0070 0.0044
183 0.8452 0.7713 0.0070 0.0044
183 0.8939 0.9680 0.0070 0.0044
183 0.8937 0.9732 0.0070 0.0044
183 0.8927 0.9789 0.0070 0.0044
183 0.8910 0.9840 0.0070 0.0044
183 0.8914 0.9893 0.0070 0.0044
183 0.8914 0.9948 0.0070 0.0044
405 0.4078 0.7038 0.0092 0.0058
405 0.3823 0.6706 0.0092 0.0058
405 0.3789 0.6350 0.0092 0.0058
405 0.4002 0.6013 0.0092 0.0058
405 0.4840 0.5661 0.0092 0.0058
405 0.5854 0.5807 0.0092 0.0058
405 0.6227 0.6074 0.0092 0.0058
405 0.6387 0.6438 0.0092 0.0058
405 0.6292 0.6797 0.0092 0.0058
405 0.5990 0.7097 0.0092 0.0058
405 0.4652 0.2501 0.0092 0.0058
405 0.4514 0.2600 0.0092 0.0058
405 0.4384 0.2293 0.0092 0.0058
405 0.4346 0.1843 0.0092 0.0058
405 0.4313 0.1604 0.0092 0.0058
405 0.4460 0.1684 0.0092 0.0058
405 0.4528 0.1456 0.0092 0.0058
405 0.4650 0.1553 0.0092 0.0058
405 0.4852 0.1471 0.0092 0.0058
405 0.5564 0.1442 0.0092 0.0058
405 0.5918 0.1418 0.0092 0.0058
405 0.5793 0.1529 0.0092 0.0058
405 0.6155 0.1551 0.0092 0.0058
405 0.5994 0.1641 0.0092 0.0058
405 0.6144 0.1772 0.0092 0.0058
405 0.6095 0.2325 0.0092 0.0058
405 0.6268 0.2394 0.0092 0.0058
405 0.5941 0.2466 0.0092 0.0058
405 0.6087 0.2543 0.0092 0.0058
360 0.3978 0.5814 0.0155 0.0098
360 0.3857 0.5860 0.0155 0.0098
360 0.3722 0.5911 0.0155 0.0098
360 0.3601 0.5972 0.0155 0.0098
360 0.3485 0.6033 0.0155 0.0098
360 0.3383 0.6093 0.0155 0.0098
360 0.3285 0.6163 0.0155 0.0098
360 0.3196 0.6230 0.0155 0.0098
360 0.3094 0.6303 0.0155 0.0098
360 0.3008 0.6376 0.0155 0.0098
360 0.2932 0.6450 0.0155 0.0098
360 0.2857 0.6527 0.0155 0.0098
360 0.2774 0.6608 0.0155 0.0098
360 0.2711 0.6689 0.0155 0.0098
360 0.2666 0.6774 0.0155 0.0098
360 0.2655 0.6872 0.0155 0.0098
360 0.2576 0.7201 0.0155 0.0098
360 0.2566 0.7296 0.0155 0.0098
360 0.2444 0.7353 0.0155 0.0098
360 0.2287 0.7375 0.0155 0.0098
360 0.2148 0.7421 0.0155 0.0098
360 0.2013 0.7471 0.0155 0.0098
360 0.1884 0.7521 0.0155 0.0098
360 0.1766 0.7589 0.0155 0.0098
360 0.1657 0.7662 0.0155 0.0098
360 0.1547 0.7731 0.0155 0.0098
360 0.1462 0.7811 0.0155 0.0098
360 0.1405 0.7893 0.0155 0.0098
360 0.1371 0.7991 0.0155 0.0098
360 0.1428 0.8228 0.0155 0.0098
360 0.1398 0.8427 0.0155 0.0098
360 0.1249 0.8429 0.0155 0.0098
360 0.1093 0.8520 0.0155 0.0098
360 0.1092 0.8436 0.0155 0.0098
360 0.1079 0.8614 0.0155 0.0098
360 0.1067 0.8710 0.0155 0.0098
360 0.1076 0.8799 0.0155 0.0098
360 0.1075 0.8889 0.0155 0.0098
360 0.1075 0.8993 0.0155 0.0098
360 0.1224 0.9098 0.0155 0.0098
360 0.1372 0.9107 0.0155 0.0098
360 0.1326 0.9202 0.0155 0.0098
360 0.1292 0.9288 0.0155 0.0098
360 0.1158 0.9456 0.0155 0.0098
360 0.1131 0.9559 0.0155 0.0098
360 0.1034 0.9639 0.0155 0.0098
360 0.1042 0.9741 0.0155 0.0098
360 0.1035 0.9841 0.0155 0.0098
360 0.1046 0.9939 0.0155 0.0098
360 0.9181 0.9915 0.0155 0.0098
360 0.9197 0.9824 0.0155 0.0098
360 0.9200 0.9734 0.0155 0.0098
360 0.9210 0.9645 0.0155 0.0098
360 0.9203 0.8848 0.0155 0.0098
360 0.9188 0.8747 0.0155 0.0098
360 0.9194 0.8652 0.0155 0.0098
360 0.9191 0.8561 0.0155 0.0098
360 0.9219 0.8471 0.0155 0.0098
360 0.8667 0.7621 0.0155 0.0098
360 0.8584 0.7540 0.0155 0.0098
360 0.8483 0.7464 0.0155 0.0098
360 0.8356 0.7415 0.0155 0.0098
360 0.8224 0.7355 0.0155 0.0098
360 0.8082 0.7318 0.0155 0.0098
360 0.7938 0.7299 0.0155 0.0098
360 0.7798 0.7274 0.0155 0.0098
360 0.7681 0.7223 0.0155 0.0098
360 0.7666 0.7139 0.0155 0.0098
360 0.7646 0.7044 0.0155 0.0098
360 0.7623 0.6954 0.0155 0.0098
360 0.7577 0.6868 0.0155 0.0098
360 0.7549 0.6784 0.0155 0.0098
360 0.7491 0.6692 0.0155 0.0098
360 0.7437 0.6604 0.0155 0.0098
360 0.7375 0.6526 0.0155 0.0098
360 0.7313 0.6448 0.0155 0.0098
360 0.7159 0.6287 0.0155 0.0098
360 0.7068 0.6222 0.0155 0.0098
360 0.6976 0.6151 0.0155 0.0098
360 0.6882 0.6082 0.0155 0.0098
360 0.6781 0.6020 0.0155 0.0098
360 0.6676 0.5966 0.0155 0.0098
360 0.6559 0.5908 0.0155 0.0098
360 0.6445 0.5864 0.0155 0.0098
360 0.6332 0.5812 0.0155 0.0098
360 0.6198 0.5762 0.0155 0.0098
392 0.6284 0.5759 0.0066 0.0042
392 0.6233 0.5821 0.0066 0.0042
392 0.6406 0.5807 0.0066 0.0042
392 0.6355 0.5860 0.0066 0.0042
392 0.6522 0.5861 0.0066 0.0042
392 0.6464 0.5907 0.0066 0.0042
392 0.6647 0.5910 0.0066 0.0042
392 0.6589 0.5956 0.0066 0.0042
392 0.6696 0.6011 0.0066 0.0042
392 0.6752 0.5962 0.0066 0.0042
392 0.6859 0.6022 0.0066 0.0042
392 0.6799 0.6074 0.0066 0.0042
392 0.6965 0.6090 0.0066 0.0042
392 0.6894 0.6132 0.0066 0.0042
392 0.7061 0.6161 0.0066 0.0042
392 0.6984 0.6209 0.0066 0.0042
392 0.7152 0.6231 0.0066 0.0042
392 0.7078 0.6285 0.0066 0.0042
392 0.7240 0.6309 0.0066 0.0042
392 0.7149 0.6355 0.0066 0.0042
392 0.7313 0.6391 0.0066 0.0042
392 0.7227 0.6435 0.0066 0.0042
392 0.7296 0.6507 0.0066 0.0042
392 0.7390 0.6472 0.0066 0.0042
392 0.7453 0.6543 0.0066 0.0042
392 0.7365 0.6581 0.0066 0.0042
392 0.7510 0.6631 0.0066 0.0042
392 0.7424 0.6668 0.0066 0.0042
392 0.7560 0.6723 0.0066 0.0042
392 0.7474 0.6743 0.0066 0.0042
392 0.7609 0.6813 0.0066 0.0042
392 0.7502 0.6831 0.0066 0.0042
392 0.7648 0.6898 0.0066 0.0042
392 0.7543 0.6927 0.0066 0.0042
392 0.7683 0.6989 0.0066 0.0042
392 0.7574 0.7007 0.0066 0.0042
392 0.7711 0.7084 0.0066 0.0042
392 0.7605 0.7100 0.0066 0.0042
392 0.7722 0.7178 0.0066 0.0042
392 0.7627 0.7189 0.0066 0.0042
392 0.7637 0.7286 0.0066 0.0042
392 0.7751 0.7232 0.0066 0.0042
392 0.7883 0.7246 0.0066 0.0042
392 0.7852 0.7312 0.0066 0.0042
392 0.8020 0.7283 0.0066 0.0042
392 0.7991 0.7345 0.0066 0.0042
392 0.8160 0.7309 0.0066 0.0042
392 0.8130 0.7374 0.0066 0.0042
392 0.8264 0.7413 0.0066 0.0042
392 0.8311 0.7352 0.0066 0.0042
392 0.8432 0.7407 0.0066 0.0042
392 0.8375 0.7460 0.0066 0.0042
392 0.8496 0.7518 0.0066 0.0042
392 0.8566 0.7471 0.0066 0.0042
392 0.8664 0.7562 0.0066 0.0042
392 0.8596 0.7595 0.0066 0.0042
392 0.8752 0.7648 0.0066 0.0042
392 0.8660 0.7678 0.0066 0.0042
392 0.9163 0.8422 0.0066 0.0042
392 0.9270 0.8513 0.0066 0.0042
392 0.9160 0.8511 0.0066 0.0042
392 0.9146 0.8605 0.0066 0.0042
392 0.9251 0.8599 0.0066 0.0042
392 0.9236 0.8690 0.0066 0.0042
392 0.9149 0.8701 0.0066 0.0042
392 0.9156 0.8800 0.0066 0.0042
392 0.9152 0.8892 0.0066 0.0042
392 0.9142 0.8998 0.0066 0.0042
392 0.9153 0.9689 0.0066 0.0042
392 0.9254 0.9691 0.0066 0.0042
392 0.9252 0.9780 0.0066 0.0042
392 0.9148 0.9774 0.0066 0.0042
392 0.9143 0.9864 0.0066 0.0042
392 0.9242 0.9870 0.0066 0.0042
392 0.9242 0.9963 0.0066 0.0042
392 0.9152 0.9961 0.0066 0.0042
392 0.1085 0.9887 0.0066 0.0042
392 0.1101 0.9681 0.0066 0.0042
392 0.1000 0.9690 0.0066 0.0042
392 0.1190 0.9523 0.0066 0.0042
392 0.1100 0.9497 0.0066 0.0042
392 0.1222 0.9426 0.0066 0.0042
392 0.1301 0.9340 0.0066 0.0042
392 0.1216 0.9307 0.0066 0.0042
392 0.1361 0.9256 0.0066 0.0042
392 0.1268 0.9236 0.0066 0.0042
392 0.1376 0.9154 0.0066 0.0042
392 0.1287 0.9138 0.0066 0.0042
392 0.1112 0.9034 0.0066 0.0042
392 0.1113 0.8939 0.0066 0.0042
392 0.1023 0.8939 0.0066 0.0042
392 0.1126 0.8851 0.0066 0.0042
392 0.1025 0.8844 0.0066 0.0042
392 0.1124 0.8748 0.0066 0.0042
392 0.1126 0.8660 0.0066 0.0042
392 0.1038 0.8566 0.0066 0.0042
392 0.1130 0.8567 0.0066 0.0042
392 0.1043 0.8475 0.0066 0.0042
392 0.1170 0.8463 0.0066 0.0042
392 0.1173 0.8408 0.0066 0.0042
392 0.1315 0.8458 0.0066 0.0042
392 0.1437 0.8457 0.0066 0.0042
392 0.1446 0.8381 0.0066 0.0042
392 0.1337 0.8364 0.0066 0.0042
392 0.1470 0.8291 0.0066 0.0042
392 0.1501 0.8193 0.0066 0.0042
392 0.1400 0.8041 0.0066 0.0042
392 0.1433 0.7949 0.0066 0.0042
392 0.1344 0.7936 0.0066 0.0042
392 0.1490 0.7861 0.0066 0.0042
392 0.1399 0.7844 0.0066 0.0042
392 0.1547 0.7783 0.0066 0.0042
392 0.1460 0.7746 0.0066 0.0042
392 0.1568 0.7668 0.0066 0.0042
392 0.1644 0.7714 0.0066 0.0042
392 0.1745 0.7640 0.0066 0.0042
392 0.1680 0.7602 0.0066 0.0042
392 0.1778 0.7533 0.0066 0.0042
392 0.1860 0.7576 0.0066 0.0042
392 0.1975 0.7516 0.0066 0.0042
392 0.1904 0.7472 0.0066 0.0042
392 0.2047 0.7416 0.0066 0.0042
392 0.2103 0.7471 0.0066 0.0042
392 0.2183 0.7369 0.0066 0.0042
392 0.2249 0.7419 0.0066 0.0042
392 0.2390 0.7396 0.0066 0.0042
392 0.2363 0.7334 0.0066 0.0042
392 0.2490 0.7311 0.0066 0.0042
392 0.2551 0.7355 0.0066 0.0042
392 0.2640 0.7346 0.0066 0.0042
392 0.2632 0.7244 0.0066 0.0042
392 0.2527 0.7245 0.0066 0.0042
392 0.2526 0.7144 0.0066 0.0042
392 0.2697 0.6926 0.0066 0.0042
392 0.2580 0.6895 0.0066 0.0042
392 0.2608 0.6822 0.0066 0.0042
392 0.2720 0.6825 0.0066 0.0042
392 0.2646 0.6726 0.0066 0.0042
392 0.2744 0.6746 0.0066 0.0042
392 0.2703 0.6633 0.0066 0.0042
392 0.2858 0.6582 0.0066 0.0042
392 0.2775 0.6544 0.0066 0.0042
392 0.2924 0.6509 0.0066 0.0042
392 0.2850 0.6472 0.0066 0.0042
392 0.2929 0.6397 0.0066 0.0042
392 0.3004 0.6427 0.0066 0.0042
392 0.3096 0.6358 0.0066 0.0042
392 0.3010 0.6319 0.0066 0.0042
392 0.3177 0.6289 0.0066 0.0042
392 0.3113 0.6242 0.0066 0.0042
392 0.3276 0.6216 0.0066 0.0042
392 0.3202 0.6175 0.0066 0.0042
392 0.3308 0.6103 0.0066 0.0042
392 0.3369 0.6142 0.0066 0.0042
392 0.3470 0.6085 0.0066 0.0042
392 0.3415 0.6037 0.0066 0.0042
392 0.3506 0.5979 0.0066 0.0042
392 0.3578 0.6018 0.0066 0.0042
392 0.3694 0.5964 0.0066 0.0042
392 0.3642 0.5916 0.0066 0.0042
392 0.3781 0.5843 0.0066 0.0042
392 0.3892 0.5805 0.0066 0.0042
392 0.3943 0.5866 0.0066 0.0042
392 0.4018 0.5763 0.0066 0.0042
690 0.4265 0.2133 0.0148 0.0093
690 0.4115 0.2148 0.0148 0.0093
690 0.4099 0.1995 0.0148 0.0093
690 0.4265 0.2022 0.0148 0.0093
690 0.5076 0.1306 0.0148 0.0093
690 0.5099 0.1411 0.0148 0.0093
690 0.5288 0.1299 0.0148 0.0093
690 0.5283 0.1394 0.0148 0.0093
690 0.6380 0.1922 0.0148 0.0093
690 0.6225 0.1934 0.0148 0.0093
690 0.6383 0.2054 0.0148 0.0093
690 0.6243 0.2053 0.0148 0.0093
