138 0.4532 0.5006 0.0090 0.0054
138 0.4602 0.5048 0.0090 0.0054
138 0.4536 0.5092 0.0090 0.0054
138 0.4458 0.5048 0.0090 0.0054
138 0.4261 0.4716 0.0090 0.0054
138 0.4354 0.4736 0.0090 0.0054
138 0.4389 0.4684 0.0090 0.0054
138 0.4302 0.4659 0.0090 0.0054
138 0.4361 0.4570 0.0090 0.0054
138 0.4437 0.4605 0.0090 0.0054
138 0.4504 0.4565 0.0090 0.0054
138 0.4432 0.4516 0.0090 0.0054
138 0.4906 0.4399 0.0090 0.0054
138 0.4997 0.4403 0.0090 0.0054
138 0.4988 0.4459 0.0090 0.0054
138 0.4906 0.4457 0.0090 0.0054
138 0.5136 0.4427 0.0090 0.0054
138 0.5210 0.4452 0.0090 0.0054
138 0.5162 0.4505 0.0090 0.0054
138 0.5081 0.4480 0.0090 0.0054
138 0.5339 0.4510 0.0090 0.0054
138 0.5404 0.4555 0.0090 0.0054
138 0.5264 0.4546 0.0090 0.0054
138 0.5330 0.4593 0.0090 0.0054
138 0.5413 0.4847 0.0090 0.0054
138 0.5504 0.4871 0.0090 0.0054
138 0.5477 0.4918 0.0090 0.0054
138 0.5380 0.4900 0.0090 0.0054
138 0.5339 0.4962 0.0090 0.0054
138 0.5399 0.5007 0.0090 0.0054
138 0.5326 0.5051 0.0090 0.0054
537 0.3339 0.1509 0.0107 0.0064
537 0.3206 0.1561 0.0107 0.0064
537 0.3099 0.1633 0.0107 0.0064
537 0.3065 0.1727 0.0107 0.0064
537 0.3100 0.1817 0.0107 0.0064
537 0.3167 0.1891 0.0107 0.0064
537 0.4496 0.1393 0.0107 0.0064
537 0.4403 0.1333 0.0107 0.0064
537 0.4339 0.1264 0.0107 0.0064
537 0.4370 0.1019 0.0107 0.0064
537 0.4447 0.0950 0.0107 0.0064
537 0.4575 0.0894 0.0107 0.0064
537 0.5003 0.0898 0.0107 0.0064
537 0.5118 0.0957 0.0107 0.0064
537 0.5194 0.1022 0.0107 0.0064
537 0.5211 0.1264 0.0107 0.0064
537 0.5142 0.1337 0.0107 0.0064
537 0.5057 0.1391 0.0107 0.0064
537 0.5631 0.1677 0.0107 0.0064
537 0.5666 0.1587 0.0107 0.0064
537 0.5771 0.1509 0.0107 0.0064
537 0.5914 0.1459 0.0107 0.0064
537 0.6072 0.1459 0.0107 0.0064
537 0.6243 0.1488 0.0107 0.0064
537 0.6346 0.1562 0.0107 0.0064
537 0.6401 0.1647 0.0107 0.0064
537 0.6407 0.1731 0.0107 0.0064
537 0.6353 0.1813 0.0107 0.0064
537 0.4429 0.2679 0.0107 0.0064
537 0.4460 0.2592 0.0107 0.0064
537 0.4553 0.2511 0.0107 0.0064
537 0.4693 0.2450 0.0107 0.0064
537 0.4878 0.2444 0.0107 0.0064
537 0.5036 0.2487 0.0107 0.0064
537 0.5148 0.2560 0.0107 0.0064
380 0.6498 0.4512 0.0107 0.0064
380 0.6637 0.4391 0.0107 0.0064
380 0.6810 0.4310 0.0107 0.0064
380 0.7028 0.4266 0.0107 0.0064
380 0.7253 0.4269 0.0107 0.0064
380 0.7471 0.4320 0.0107 0.0064
380 0.7644 0.4405 0.0107 0.0064
380 0.7785 0.4545 0.0107 0.0064
380 0.7826 0.4697 0.0107 0.0064
380 0.7762 0.4850 0.0107 0.0064
380 0.4336 0.4896 0.0107 0.0064
380 0.5462 0.4701 0.0107 0.0064
380 0.4682 0.4452 0.0107 0.0064
380 0.4306 0.1137 0.0107 0.0064
380 0.5246 0.1143 0.0107 0.0064
380 0.4801 0.0865 0.0107 0.0064
693 0.7741 0.4799 0.0107 0.0064
693 0.7695 0.4863 0.0107 0.0064
693 0.7792 0.4902 0.0107 0.0064
693 0.7849 0.4834 0.0107 0.0064
693 0.7883 0.4745 0.0107 0.0064
693 0.7775 0.4738 0.0107 0.0064
693 0.7775 0.4664 0.0107 0.0064
693 0.7887 0.4672 0.0107 0.0064
693 0.7856 0.4562 0.0107 0.0064
693 0.7744 0.4580 0.0107 0.0064
693 0.7719 0.4526 0.0107 0.0064
693 0.7829 0.4504 0.0107 0.0064
693 0.7724 0.4410 0.0107 0.0064
693 0.7653 0.4461 0.0107 0.0064
693 0.7578 0.4422 0.0107 0.0064
693 0.7653 0.4359 0.0107 0.0064
693 0.7558 0.4310 0.0107 0.0064
693 0.7509 0.4376 0.0107 0.0064
693 0.7402 0.4342 0.0107 0.0064
693 0.7461 0.4276 0.0107 0.0064
693 0.7321 0.4251 0.0107 0.0064
693 0.7303 0.4318 0.0107 0.0064
693 0.7194 0.4299 0.0107 0.0064
693 0.7220 0.4237 0.0107 0.0064
693 0.7090 0.4238 0.0107 0.0064
693 0.7084 0.4302 0.0107 0.0064
693 0.6990 0.4304 0.0107 0.0064
693 0.6970 0.4237 0.0107 0.0064
693 0.6829 0.4258 0.0107 0.0064
693 0.6867 0.4327 0.0107 0.0064
693 0.6790 0.4362 0.0107 0.0064
693 0.6733 0.4303 0.0107 0.0064
693 0.6651 0.4347 0.0107 0.0064
693 0.6647 0.4451 0.0107 0.0064
693 0.6543 0.4406 0.0107 0.0064
693 0.6485 0.4460 0.0107 0.0064
693 0.6577 0.4499 0.0107 0.0064
693 0.6531 0.4573 0.0107 0.0064
693 0.6434 0.4534 0.0107 0.0064
47 0.4529 0.5048 0.0113 0.0068
47 0.4332 0.4696 0.0113 0.0068
47 0.4437 0.4561 0.0113 0.0068
47 0.4942 0.4429 0.0113 0.0068
47 0.5149 0.4465 0.0113 0.0068
47 0.5337 0.4551 0.0113 0.0068
47 0.5442 0.4883 0.0113 0.0068
47 0.5334 0.5006 0.0113 0.0068
